1403715278.812143 0.0000000 0.0000000 0.0000000 0.0000000 0.0000000 0.0000000 1.0000000
1403715278.962143 -0.0043553 -0.0280398 0.0033176 0.0051374 -0.0002472 0.0008357 0.9999864
1403715285.562143 0.0460326 -0.2155877 0.5638841 -0.0020268 0.6992617 0.2724421 0.6609117
1403715285.712143 0.0504730 -0.2408122 0.5514670 -0.0010621 0.7016712 0.2773183 0.6563163
1403715285.862143 0.0560117 -0.2618007 0.5340508 -0.0047196 0.7061213 0.2718944 0.6537919
1403715286.312143 0.0868295 -0.3040519 0.4763865 -0.0210637 0.7102085 0.2650620 0.6518453
1403715287.162143 0.1953689 -0.3403999 0.3945512 -0.0269263 0.7486482 0.2630183 0.6079656
1403715288.662143 0.3478857 -0.3759329 0.2919728 0.0038673 0.8437837 0.2957647 0.4478140
1403715289.512143 0.3475357 -0.3016985 0.2501213 -0.0254705 0.8723847 0.3075795 0.3790660
1403715289.662143 0.3510003 -0.2740245 0.2496786 -0.0254952 0.8796602 0.3160672 0.3544706
1403715289.812143 0.3587987 -0.2472749 0.2498838 -0.0243948 0.8832741 0.3204601 0.3413752
1403715291.212143 0.5715811 -0.2340713 0.1531125 0.0202590 0.8796414 0.3211611 0.3502515
1403715291.462143 0.6049385 -0.2192112 0.1252927 0.0242191 0.8858333 0.3259118 0.3293847
1403715291.862143 0.6327229 -0.1779105 0.0676587 0.0048841 0.8943936 0.3353706 0.2959099
1403715292.262143 0.6585938 -0.1250785 -0.0036571 -0.0172898 0.8921778 0.3307035 0.3071727
1403715292.462143 0.6777762 -0.1000602 -0.0413414 -0.0256779 0.8778265 0.3261983 0.3497941
1403715304.962143 1.0220821 0.2702674 -0.6563679 0.0025182 -0.5241640 -0.1889866 0.8303794
1403715305.262143 1.0252330 0.2652713 -0.6784388 -0.0052784 -0.5238894 -0.1884600 0.8306593
1403715305.462143 1.0273342 0.2621969 -0.6918064 -0.0069445 -0.5273512 -0.1912025 0.8278250
1403715306.012143 1.0316499 0.1857983 -0.7422930 -0.0092475 -0.5434260 -0.1945248 0.8165554
1403715306.912143 1.0799599 0.0565393 -0.7175432 0.0396701 -0.4402153 -0.1293248 0.8876440
1403715308.062143 1.2941777 0.1501669 -0.7165072 -0.0239260 -0.1444772 -0.0772682 0.9861965
1403715308.412143 1.3166298 0.1902005 -0.7074061 -0.0234895 -0.0759541 -0.0547245 0.9953313
1403715308.712143 1.3164072 0.2065463 -0.6936414 -0.0257161 -0.0634406 -0.0300761 0.9972008
1403715311.062143 1.5690286 0.0992572 -0.5750391 -0.0175234 -0.0177090 -0.0096015 0.9996435
1403715311.362143 1.6152897 0.0957771 -0.5756388 -0.0254170 -0.0166294 0.0095468 0.9994930
1403715313.712143 1.9431430 -0.0526008 -0.3880950 -0.0024322 0.0104385 -0.0239913 0.9996547
1403715314.012143 1.9406075 -0.0755800 -0.4039505 -0.0042144 0.0196552 -0.0103383 0.9997445
1403715315.012143 1.8693860 -0.0968374 -0.4169417 -0.0132699 0.1389806 0.0293209 0.9897720
1403715317.812143 1.6049957 -0.0270922 -0.2251689 -0.0050357 0.5886317 0.2149616 0.7792810
1403715318.162143 1.5862291 -0.0215852 -0.1968262 0.0053683 0.6381034 0.2489990 0.7285566
1403715318.562143 1.5717549 0.0039434 -0.1979541 -0.0183307 0.6743088 0.2463138 0.6959174
1403715318.862143 1.5764025 0.0258116 -0.2115457 -0.0483080 0.7017134 0.2732672 0.6561933
1403715319.212143 1.6220043 0.0510631 -0.2258570 -0.0407734 0.7492993 0.2630739 0.6063665
1403715319.912143 1.7830516 0.0415220 -0.2326463 -0.0286231 0.8094055 0.2777914 0.5165998
1403715320.662143 1.9891579 -0.0595304 -0.1996642 0.0154949 0.8841920 0.3007735 0.3570710
1403715320.862143 2.0259876 -0.0836973 -0.1830171 0.0435175 0.8956052 0.3167153 0.3093363
1403715321.162143 2.0510139 -0.1086798 -0.1644593 0.0358143 0.9001495 0.3325739 0.2790033
1403715321.762143 2.0136571 -0.1272382 -0.1812149 0.0248597 0.9031539 0.3245573 0.2799242
1403715322.062143 1.9543808 -0.1301329 -0.2154474 0.0400196 0.9108258 0.3207221 0.2567725
1403715322.462143 1.8322468 -0.1207543 -0.2695951 -0.0172988 0.9177989 0.3378048 0.2079276
1403715322.612143 1.7857798 -0.1016304 -0.2887410 -0.0235957 0.9193152 0.3454207 0.1870489
1403715322.762143 1.7473733 -0.0774924 -0.3096647 -0.0256829 0.9205992 0.3477739 0.1757580
1403715322.962143 1.7048310 -0.0525675 -0.3460622 -0.0313613 0.9223129 0.3452764 0.1707035
1403715323.462143 1.6500185 -0.0065575 -0.4669065 -0.0381132 0.9235855 0.3395479 0.1739095
1403715323.912143 1.6689564 0.0062557 -0.5967050 -0.0193070 0.9457327 0.2754482 0.1713043
1403715326.562143 1.5479127 -0.0596074 -0.5785185 -0.0100520 0.9391167 0.2964555 0.1734156
1403715326.962143 1.4932035 -0.0475837 -0.5502223 -0.0003588 0.9334370 0.3184907 0.1651027
1403715327.262143 1.4445293 -0.0456580 -0.5229905 0.0147612 0.9275457 0.3370541 0.1607347
1403715327.562143 1.3806831 -0.0405328 -0.5097023 0.0164945 0.9248823 0.3433836 0.1625066
1403715328.712143 1.1203344 0.0013520 -0.5367030 -0.0276430 0.9155249 0.3114220 0.2531132
1403715329.012143 1.0831174 0.0009683 -0.5157186 -0.0186489 0.8952440 0.3133156 0.3162653
1403715329.812143 1.0341378 0.0201842 -0.4564896 -0.0112670 0.8375659 0.2996232 0.4567081
1403715330.162143 1.0279274 0.0455415 -0.4374395 -0.0080934 0.8352087 0.2978251 0.4622349
1403715330.462143 1.0256395 0.0705892 -0.4252218 -0.0158796 0.8322612 0.3001608 0.4658247
1403715331.762143 0.9862641 -0.0435248 -0.5232873 -0.0140869 0.7645261 0.2658231 0.5870600
1403715333.912143 0.9371867 0.0488560 -0.9069790 -0.0089191 0.7293339 0.2636262 0.6312636
1403715334.262143 0.9065080 0.0724336 -0.9708064 -0.0109862 0.7035924 0.2624584 0.6602671
1403715334.962143 0.8924403 0.1206148 -1.1232790 -0.0174567 0.6988749 0.2495037 0.6700873
1403715335.312143 0.9022762 0.1486063 -1.1936373 -0.0210041 0.6952807 0.2465689 0.6747943
1403715336.262143 0.9756863 0.2130118 -1.3493642 -0.0014392 0.6459877 0.2185778 0.7313834
1403715336.962143 1.0371196 0.2512092 -1.4488441 -0.0144750 0.6424894 0.2207478 0.7336677
1403715337.412143 1.0819036 0.2489765 -1.4989492 -0.0186462 0.6056369 0.2252594 0.7629643
1403715337.862143 1.1498100 0.2493235 -1.5467741 -0.0080708 0.5881553 0.2140901 0.7798549
1403715338.312143 1.2280264 0.2550061 -1.5979913 -0.0018349 0.5920378 0.2148332 0.7767462
1403715338.762143 1.3036487 0.2580917 -1.6555650 -0.0030039 0.5381802 0.1942143 0.8201426
1403715339.762143 1.4842339 0.3067853 -1.7759169 -0.0233013 0.5142481 0.1708498 0.8401287
1403715340.112143 1.5409572 0.3326587 -1.7864420 -0.0376211 0.5104421 0.1374879 0.8480157
1403715340.412143 1.5668870 0.3156352 -1.7663009 -0.0212837 0.4412470 0.1380001 0.8864559
1403715340.762143 1.5905904 0.2824802 -1.7319127 -0.0230904 0.3776679 0.1382743 0.9152672
1403715341.212143 1.6484033 0.2470814 -1.6838496 -0.0139980 0.3811300 0.1443832 0.9130704
1403715341.662143 1.7267963 0.2151264 -1.6470151 -0.0061563 0.4160956 0.1201169 0.9013315
1403715342.262143 1.7739055 0.1801096 -1.5880907 -0.0212608 0.4014753 0.1477052 0.9036309
1403715342.662143 1.8015857 0.1629410 -1.5371401 -0.0338375 0.3596099 0.1107890 0.9258842
1403715343.062143 1.8334689 0.1370016 -1.4640599 -0.0156105 0.3099048 0.1003331 0.9453299
1403715343.562143 1.8729578 0.1156258 -1.3578113 -0.0271156 0.3023679 0.0988019 0.9476690
1403715344.012143 1.9094012 0.0884591 -1.2468693 -0.0154310 0.3087107 0.0882585 0.9469266
1403715344.412143 1.9183922 0.0574235 -1.1426716 0.0016327 0.2660631 0.0480585 0.9627555
1403715347.262143 1.2117282 -0.0792867 -0.5721201 -0.0164803 0.2424462 0.0859078 0.9662133
1403715348.362143 0.9893356 -0.1562838 -0.4655026 -0.0088413 0.0328468 0.0338162 0.9988490
1403715348.912143 0.9572021 -0.1135584 -0.4030993 -0.0069845 -0.0264390 0.0241149 0.9993351
1403715349.712143 1.0522147 -0.0399043 -0.3234328 0.0063687 -0.0641920 -0.0244425 0.9976178
1403715350.162143 1.1256850 0.0016711 -0.3201206 -0.0106486 -0.1374155 -0.0499323 0.9891968
1403715350.562143 1.1868898 0.0358718 -0.3071345 -0.0387002 -0.1363521 -0.0888004 0.9859132
1403715351.412143 1.1509297 0.0402818 -0.2013261 -0.0143234 -0.1410036 -0.0755662 0.9870170
1403715353.162143 0.7908354 -0.0631221 -0.0463636 0.0082620 -0.2438553 -0.0792279 0.9665347
1403715353.562143 0.7550226 -0.1018223 -0.0382956 0.0028944 -0.2519827 -0.0919977 0.9633446
1403715354.862143 0.6781423 -0.0483733 0.0125077 -0.0125189 -0.2685899 -0.0988046 0.9580920
1403715355.962143 0.6498542 -0.1801416 0.0580352 -0.0058020 -0.3987482 -0.1540249 0.9040146
1403715356.212143 0.6407068 -0.2000923 0.0732612 -0.0005518 -0.3892839 -0.1718028 0.9049539
1403715356.912143 0.5547967 -0.2239790 0.0986859 -0.0238285 -0.4093084 -0.1495148 0.8997467
1403715357.312143 0.4880159 -0.2542070 0.1260027 -0.0074736 -0.4892576 -0.1778600 0.8537781
1403715357.662143 0.4295123 -0.2881384 0.1578705 0.0001521 -0.5020390 -0.2000450 0.8413910
1403715358.412143 0.2542820 -0.3022943 0.1850033 -0.0040159 -0.5014249 -0.2118258 0.8388604
1403715359.062143 0.0391900 -0.2819925 0.1455540 0.0082902 -0.5643265 -0.1921779 0.8028290
1403715359.362143 -0.0369700 -0.2617379 0.1321078 0.0160627 -0.5683166 -0.1966967 0.7987919
1403715360.012143 -0.1475757 -0.2327033 0.0560039 0.0049588 -0.5609471 -0.1975564 0.8039187
1403715360.262143 -0.1762192 -0.2234160 0.0163989 0.0014995 -0.5595406 -0.2027044 0.8036311
1403715360.512143 -0.2007332 -0.2181515 -0.0191553 -0.0167067 -0.5478563 -0.1736927 0.8181719
1403715360.812143 -0.2209714 -0.2222527 -0.0402468 -0.0135109 -0.4900828 -0.1596858 0.8568178
1403715361.112143 -0.2292759 -0.2318867 -0.0431122 -0.0049791 -0.4101476 -0.1512433 0.8993773
1403715362.512143 -0.3594229 -0.2192719 -0.0269906 -0.0178512 -0.0843498 -0.0543017 0.9947953
1403715362.862143 -0.4371023 -0.2149552 -0.0008723 -0.0180144 0.0085433 0.0055884 0.9997856
1403715363.262143 -0.5099894 -0.2275607 0.0255200 -0.0024889 0.0834025 0.0834870 0.9930094
1403715363.812143 -0.4914517 -0.2510819 0.0283165 -0.0026331 0.2091842 0.0870320 0.9739920
1403715364.362143 -0.4302410 -0.2692887 0.0027903 0.0012905 0.3334445 0.1291851 0.9338760
1403715364.912143 -0.3660533 -0.2901402 -0.0596741 -0.0100657 0.3656182 0.1235132 0.9224784
1403715365.562143 -0.2991029 -0.3141413 -0.1324252 -0.0062216 0.4507153 0.1430866 0.8811034
1403715366.412143 -0.2671517 -0.3027861 -0.2455721 0.0118035 0.5435256 0.2081268 0.8130953
1403715367.362143 -0.2194627 -0.2486308 -0.4537779 -0.0247933 0.5220707 0.2057186 0.8273496
1403715368.312143 -0.0102484 -0.2141287 -0.6311552 0.0005469 0.5193460 0.1939734 0.8322582
1403715369.262143 0.2155288 -0.1254252 -0.8583124 -0.0207609 0.4916205 0.1750517 0.8527809
1403715370.412143 0.4852175 -0.0535740 -1.0381882 -0.0164520 0.3601397 0.1221370 0.9247223
1403715371.362143 0.7152673 -0.0267273 -1.0730929 -0.0544562 0.3709866 0.1372669 0.9168213
1403715372.662143 1.1631218 -0.0409720 -1.0001127 -0.0097969 0.3205931 0.1071369 0.9410876
1403715373.662143 1.4971606 -0.0824387 -0.9657279 -0.0104812 0.3061777 0.0910899 0.9475484
1403715374.512143 1.6634415 -0.1058574 -0.9133826 -0.0213233 0.1125913 0.0266016 0.9930564
1403715375.412143 1.7547693 -0.1583745 -0.7649182 -0.0164604 0.1175175 0.0220726 0.9926890
1403715376.112143 1.7534757 -0.1984289 -0.5934941 -0.0065972 0.1344169 0.0312531 0.9904099
1403715376.662143 1.7248867 -0.2101604 -0.4778329 -0.0010843 0.1284088 0.0227851 0.9914590
1403715377.112143 1.6723437 -0.2065581 -0.4185157 0.0181087 0.1144884 0.0150154 0.9931460
1403715377.562143 1.5830306 -0.1991231 -0.3940882 0.0076150 0.1009769 0.0147240 0.9947507
1403715378.962143 1.2346946 -0.1314726 -0.4386758 -0.0338874 0.0903749 0.0324700 0.9948013
1403715381.062143 0.6924170 -0.2574129 -0.2710660 -0.0025380 0.1028637 0.0134639 0.9946011
1403715383.362143 0.0255421 -0.3243077 -0.0226509 -0.0311585 0.3225066 0.1298371 0.9371024
1403715384.062143 -0.0414347 -0.3580082 0.1400713 -0.0112883 0.4235453 0.1583576 0.8918547
1403715386.862143 0.1734658 -0.4204685 0.1814665 0.0211949 0.6464525 0.2457640 0.7219765
1403715388.612143 0.2686534 -0.1881656 -0.3223870 -0.0115087 0.6305115 0.2266591 0.7422591
1403715389.512143 0.3984885 -0.0804136 -0.5973368 -0.0183122 0.6278946 0.2067930 0.7500998
1403715391.512143 0.8067687 0.0481845 -0.8422952 -0.0219562 0.3886557 0.1555482 0.9078928
1403715392.512143 1.2251943 -0.0434281 -0.8324997 0.0027946 0.3053988 0.0982014 0.9471432
1403715393.512143 1.5592926 -0.0963557 -0.7950772 -0.0037964 0.0690563 -0.0189203 0.9974261
1403715394.262143 1.6321023 -0.0981111 -0.7682327 -0.0079681 -0.1650033 -0.0704028 0.9837448
1403715395.012143 1.6326932 -0.0829215 -0.7882317 -0.0019024 -0.4037091 -0.1588130 0.9009960
1403715395.712143 1.5917513 -0.0395748 -0.8419644 -0.0079111 -0.5767511 -0.2218375 0.7861831
1403715396.212143 1.5316834 0.0054507 -0.8730907 -0.0222595 -0.6205795 -0.2069861 0.7560042
1403715396.612143 1.4778439 0.0262773 -0.8746350 0.0066789 -0.6144828 -0.2284723 0.7550938
1403715397.012143 1.4286240 0.0573081 -0.8812926 -0.0096458 -0.6374745 -0.2431140 0.7310464
1403715397.362143 1.3718789 0.0903238 -0.8852087 -0.0396824 -0.6480040 -0.2364076 0.7229298
1403715397.662143 1.2989886 0.1073752 -0.8714547 -0.0404628 -0.6527756 -0.2259751 0.7219294
1403715398.362143 1.1122218 0.0945761 -0.7788906 0.0159860 -0.6476893 -0.2165721 0.7303009
1403715398.712143 1.0553211 0.0968113 -0.7329221 0.0291103 -0.6372641 -0.2208526 0.7377473
1403715400.212143 1.0961351 0.1505918 -0.8709570 -0.0031630 -0.5997535 -0.2489711 0.7604598
1403715400.562143 1.0734637 0.1684754 -0.9584882 -0.0021416 -0.5373472 -0.2333132 0.8104433
1403715400.962143 1.0114406 0.2020790 -1.0713493 -0.0358176 -0.4490307 -0.1733070 0.8758157
1403715401.362143 0.9180021 0.2319624 -1.1594129 -0.0411110 -0.4035778 -0.1688359 0.8982924
1403715401.762143 0.7869637 0.2288907 -1.2141318 -0.0210084 -0.4052461 -0.1319578 0.9043900
1403715402.262143 0.6359360 0.2161112 -1.2361023 0.0178146 -0.3856179 -0.1309084 0.9131508
1403715402.662143 0.5400217 0.2197412 -1.2529874 0.0318091 -0.3308751 -0.1449878 0.9319273
1403715403.062143 0.4481254 0.2363140 -1.3091708 -0.0168031 -0.3206346 -0.1088399 0.9407789
1403715403.412143 0.3735707 0.2411038 -1.3451592 -0.0359842 -0.3117381 -0.1151570 0.9424772
1403715403.812143 0.2862239 0.2292174 -1.3363438 -0.0420482 -0.2534723 -0.0919756 0.9620417
1403715404.262143 0.1870546 0.1941997 -1.2727776 -0.0211567 -0.1517398 -0.0701310 0.9857023
1403715404.762143 0.0558943 0.1611663 -1.1793152 -0.0036615 -0.1159468 -0.0580866 0.9915487
1403715405.312143 -0.0981755 0.1484362 -1.0854043 -0.0048885 -0.0304150 0.0128327 0.9994430
1403715405.762143 -0.1733462 0.1457785 -1.0182583 -0.0258004 0.1155987 0.0425245 0.9920499
1403715406.362143 -0.2361544 0.1433413 -0.9068133 -0.0146654 0.2860845 0.1067545 0.9521261
1403715407.062143 -0.2550658 0.1641742 -0.7779039 -0.0173647 0.4488839 0.1728465 0.8765420
1403715407.612143 -0.2044764 0.1635295 -0.6908677 -0.0381724 0.5034373 0.1952667 0.8408120
1403715408.112143 -0.1054702 0.1164983 -0.5988612 -0.0251863 0.5061830 0.1734846 0.8444214
1403715409.862143 0.0869280 -0.0669915 -0.3650546 -0.0241237 0.3252777 0.1126278 0.9385774
1403715414.412143 0.0577284 0.0153757 -0.2202933 -0.0385198 0.3160105 0.1093928 0.9416405
1403715414.912143 0.0455649 0.0198557 -0.1904829 -0.0069695 0.3151647 0.1237272 0.9409114
1403715415.262143 0.0453491 0.0447593 -0.1678514 0.0035377 0.3182667 0.1418872 0.9373163
1403715415.662143 0.0581854 0.0676486 -0.1656318 -0.0099744 0.3439989 0.0995499 0.9336247
1403715416.912143 0.0552561 0.0738925 -0.1651539 -0.0134918 0.3449600 0.1018208 0.9329808
1403715418.312143 0.0567959 0.0743577 -0.1642707 -0.0126340 0.3448200 0.1013933 0.9330911
