1.100000 0.000000000 0.000000000 0.000000000 0.000000000 0.000000000 0.000000000 1.000000000
1.200000 0.000402465 -0.000064544 0.000012561 -0.000011613 -0.000058255 0.000124959 1.000000000
1.300000 0.000042237 -0.000028732 0.000509687 0.000003509 0.000001338 0.000102559 1.000000000
1.400000 -0.000055753 -0.000123183 0.000438989 -0.000044160 0.000008677 0.000062696 1.000000000
1.500000 -0.000001067 -0.000039483 0.000489180 -0.000007126 0.000013054 0.000052654 1.000000000
1.600000 -0.000169480 -0.000064606 0.000269891 -0.000012488 0.000049539 -0.000069134 1.000000000
1.700000 -0.000053317 0.000007224 0.000466474 -0.000001630 0.000027266 -0.000009518 1.000000000
1.800000 0.000028596 -0.000111401 0.000508731 -0.000025099 -0.000012828 -0.000018524 1.000000000
1.900000 0.000079489 -0.000089076 0.000730653 -0.000005823 -0.000004861 0.000056930 1.000000000
2.000000 -0.000012838 -0.000110928 0.000729497 -0.000025658 0.000001453 0.000014459 1.000000000
2.100000 0.000002845 -0.000033388 0.000265886 -0.000013274 0.000015220 0.000083064 1.000000000
2.200000 0.000003904 -0.000083439 0.000621152 -0.000039044 0.000014830 -0.000045697 1.000000000
2.300000 0.000034839 -0.000060366 0.000928760 0.000023542 0.000012753 0.000039838 1.000000000
2.400000 0.000115244 -0.000138300 0.000693551 -0.000026183 -0.000006687 0.000057025 1.000000000
2.500000 -0.000043605 -0.000212980 0.000816638 -0.000024801 0.000001868 0.000068249 1.000000000
2.600000 0.000055666 -0.000076257 0.001122049 -0.000030564 0.000013458 -0.000020870 1.000000000
2.700000 0.000000353 -0.000123266 0.000871075 -0.000015338 -0.000009674 0.000106787 1.000000000
2.800000 -0.000002437 -0.000122756 0.000544720 -0.000044331 0.000011433 0.000083528 1.000000000
2.900000 0.000069920 -0.000206965 0.000847067 -0.000037987 -0.000002460 0.000027421 1.000000000
3.000000 -0.000046588 -0.000110590 0.000576505 -0.000043087 0.000026011 -0.000018155 1.000000000
3.100000 0.000031226 -0.000069700 0.000566926 -0.000035368 -0.000003473 0.000062899 1.000000000
3.200000 -0.000033199 -0.000037051 0.000792702 -0.000007872 0.000005789 0.000082858 1.000000000
3.300000 0.000126685 -0.000214850 0.001047296 -0.000035318 0.000000606 0.000107928 1.000000000
3.400000 -0.000057992 -0.000166129 0.000466922 -0.000042115 0.000030936 0.000022346 1.000000000
3.500000 0.000125067 -0.000120799 0.000857073 -0.000045986 -0.000023252 0.000117240 1.000000000
3.600000 -0.000089291 -0.000164960 0.000889213 -0.000022156 0.000035373 0.000049795 1.000000000
3.700000 0.000128026 -0.000189168 0.001281051 -0.000010370 -0.000019378 0.000177235 1.000000000
3.800000 0.000012632 -0.000177565 0.000808730 -0.000056020 0.000006551 -0.000044554 1.000000000
3.900000 0.000515665 -0.000164746 0.000895036 -0.000018031 -0.000062188 0.000107020 1.000000000
4.000000 -0.000102852 -0.000096652 0.000334868 -0.000043894 0.000026762 0.000068300 1.000000000
4.100000 0.000106185 -0.000057586 0.000497939 -0.000027290 -0.000005506 0.000021434 1.000000000
4.200000 -0.000082673 -0.000102779 0.000835708 -0.000034621 0.000031825 0.000021054 1.000000000
4.300000 -0.000059660 -0.000166985 0.000727477 -0.000061953 0.000021467 0.000015929 1.000000000
4.400000 -0.000054316 -0.000144065 0.000425473 -0.000059315 0.000028977 -0.000054325 1.000000000
4.500000 0.000004206 -0.000079659 0.000617444 -0.000009650 0.000001993 0.000031265 1.000000000
4.600000 0.000071987 -0.000125998 0.001013837 -0.000029730 0.000007728 0.000036063 1.000000000
4.700000 -0.000010925 -0.000128395 0.000890681 -0.000030630 0.000024823 -0.000005027 1.000000000
4.800000 -0.000072341 -0.000062803 0.000382318 -0.000007018 -0.000001335 0.000110666 1.000000000
4.900000 -0.000056555 -0.000176144 0.000770418 -0.000021085 0.000024013 0.000110054 1.000000000
5.000000 -0.000116570 -0.000145063 0.000691218 -0.000034715 0.000038094 0.000026285 1.000000000
5.100000 -0.000005659 -0.000116410 0.000610753 -0.000020763 0.000025180 0.000031943 1.000000000
5.200000 0.000064833 -0.000155769 0.000490402 -0.000037951 -0.000002230 0.000069574 1.000000000
5.300000 0.000060192 -0.000250060 0.000882982 -0.000065535 0.000001406 0.000000651 1.000000000
5.400000 -0.000045715 -0.000098275 0.000741211 -0.000008496 -0.000007039 0.000096605 1.000000000
5.500000 -0.000000957 -0.000113034 0.000247227 -0.000029541 -0.000000331 0.000071033 1.000000000
5.600000 -0.000153065 -0.000144800 0.000433387 -0.000038946 0.000018600 0.000006691 1.000000000
5.700000 0.000087092 -0.000124692 0.001012050 -0.000021378 -0.000014182 0.000051091 1.000000000
5.800000 -0.000155459 -0.000080662 0.000483497 -0.000048135 0.000026989 0.000077471 1.000000000
5.900000 -0.000038479 -0.000081061 0.000715938 -0.000020090 0.000033038 -0.000026444 1.000000000
6.000000 0.000034707 -0.000175863 0.000896579 -0.000047621 0.000013380 0.000055556 1.000000000
6.100000 0.000004340 -0.000121160 0.000833677 -0.000039752 0.000029851 -0.000013490 1.000000000
6.200000 0.000014530 -0.000193092 0.001135463 -0.000053444 0.000023840 -0.000010044 1.000000000
6.300000 -0.000036590 -0.000133012 0.000806364 -0.000023789 0.000009161 0.000057528 1.000000000
6.400000 -0.000002700 -0.000088355 0.000835471 -0.000014833 0.000004132 0.000087926 1.000000000
6.500000 -0.000021292 -0.000124917 0.000696233 -0.000033596 0.000002841 0.000020551 1.000000000
6.600000 0.000023889 -0.000135931 0.000865265 -0.000027312 -0.000004352 0.000113667 1.000000000
6.700000 -0.000040872 -0.000100351 0.000653348 -0.000000812 0.000015674 0.000076184 1.000000000
6.800000 -0.000125967 -0.000136642 0.000291857 -0.000053888 0.000013984 0.000095377 1.000000000
6.900000 -0.000008496 -0.000172327 0.000742722 -0.000042050 0.000030934 0.000100798 1.000000000
7.000000 0.000012260 -0.000115361 0.000609295 -0.000019849 0.000007974 0.000078720 1.000000000
7.100000 -0.000048684 -0.000081639 0.000409015 -0.000040384 0.000006860 -0.000019666 1.000000000
7.200000 -0.000036991 -0.000104250 0.000644779 -0.000043077 0.000002237 0.000035021 1.000000000
7.300000 0.000114433 -0.000150216 0.000647448 -0.000031356 -0.000025765 0.000038659 1.000000000
7.400000 -0.000008872 -0.000103345 0.000753538 -0.000027943 -0.000001379 0.000037089 1.000000000
7.500000 0.000113589 -0.000077491 0.000900248 -0.000034582 -0.000014289 0.000019612 1.000000000
7.600000 -0.000118992 -0.000055243 0.000664318 -0.000020092 0.000021803 0.000040108 1.000000000
7.700000 0.000160327 -0.000164421 0.001117317 -0.000015755 -0.000030232 0.000133539 1.000000000
7.800000 -0.000043991 -0.000107304 0.000352941 -0.000046884 0.000028913 -0.000014045 1.000000000
7.900000 -0.000013460 -0.000117428 0.000957096 -0.000023085 0.000042242 0.000041792 1.000000000
8.000000 -0.000021817 -0.000052150 0.000890611 -0.000005041 0.000012779 0.000108347 1.000000000
8.100000 -0.000006562 -0.000056112 0.000803336 -0.000028292 -0.000002626 -0.000012809 1.000000000
8.200000 -0.000000119 -0.000083063 0.000606621 -0.000012442 0.000011903 0.000064689 1.000000000
8.300000 -0.000027162 -0.000120310 0.000908291 -0.000028328 0.000010058 -0.000045642 1.000000000
8.400000 -0.000056452 -0.000050285 0.000713932 -0.000030346 0.000034911 -0.000032247 1.000000000
8.500000 -0.000062862 -0.000072029 0.000358558 -0.000051443 0.000017178 -0.000011764 1.000000000
8.600000 0.000013486 -0.000227253 0.000925158 -0.000041099 0.000017925 0.000004398 1.000000000
8.700000 -0.000101303 -0.000059682 0.000509703 -0.000010109 0.000036042 -0.000037452 1.000000000
8.800000 0.000325417 -0.000073213 0.000758610 -0.000028480 -0.000035444 0.000026201 1.000000000
8.900000 -0.000130302 -0.000043627 0.000446916 -0.000051541 0.000030065 -0.000008006 1.000000000
9.000000 0.000119226 -0.000083938 0.000542551 -0.000012751 -0.000010638 0.000099264 1.000000000
9.100000 -0.000127486 -0.000036255 0.000592798 -0.000030410 0.000033309 -0.000011406 1.000000000
9.200000 -0.000041777 -0.000056950 0.000511554 -0.000013427 0.000026756 0.000045282 1.000000000
9.300000 0.000041346 -0.000098822 0.000397023 -0.000032799 0.000013702 0.000034399 1.000000000
9.400000 0.000050910 -0.000242268 0.001122382 -0.000040513 0.000005783 0.000004004 1.000000000
9.500000 -0.000009157 -0.000164979 0.000604129 -0.000035183 0.000012709 0.000026921 1.000000000
9.600000 0.000162355 -0.000233277 0.001075763 -0.000021682 -0.000006206 0.000037174 1.000000000
9.700000 0.000030889 -0.000095519 0.000457800 -0.000015828 0.000004206 0.000096728 1.000000000
9.800000 0.000025616 -0.000072643 0.000822818 -0.000017314 0.000006189 0.000083802 1.000000000
9.900000 0.000174783 -0.000125120 0.000974831 -0.000024117 -0.000021738 0.000056908 1.000000000
10.000000 0.000016557 -0.000041779 0.000673026 -0.000013032 0.000019075 -0.000008588 1.000000000
10.100000 0.000436021 -0.000192434 0.000662692 -0.000047715 -0.000051392 0.000072365 1.000000000
10.200000 0.000255823 -0.000133268 0.000335897 -0.000024961 -0.000030586 0.000134485 1.000000000
10.300000 0.000128226 -0.000112343 0.001064093 -0.000045105 0.000028881 0.000014502 1.000000000
10.400000 0.000118996 -0.000229365 0.000460161 -0.000045991 -0.000000091 0.000037263 1.000000000
10.500000 0.000021565 -0.000275535 0.000523875 -0.000041588 0.000008545 0.000091570 1.000000000
10.600000 0.000038985 -0.000332873 0.000766402 -0.000055886 0.000009518 -0.000001078 1.000000000
10.700000 -0.000100459 -0.000245171 0.000164096 -0.000050508 0.000035426 -0.000013206 1.000000000
10.800000 0.000047994 -0.000213081 0.000621979 -0.000037598 0.000017454 0.000108742 1.000000000
10.900000 0.000008949 -0.000136444 0.000552570 -0.000047078 0.000014531 -0.000008791 1.000000000
11.000000 -0.000047373 -0.000276085 0.000690342 -0.000038623 0.000038388 0.000000602 1.000000000
11.100000 -0.000060699 -0.000074836 0.000443959 -0.000016589 0.000049385 -0.000096592 1.000000000
11.200000 0.000266181 -0.000207744 0.000277773 -0.000018388 -0.000018793 -0.000002231 1.000000000
11.300000 0.000021670 -0.000067998 0.000605445 -0.000026340 0.000021464 0.000081958 1.000000000
11.400000 0.000026327 -0.000171672 0.000811898 -0.000046617 0.000043716 -0.000034937 1.000000000
11.500000 -0.000012497 -0.000118993 0.000960258 -0.000016845 0.000070883 -0.000041377 1.000000000
11.600000 0.000017125 -0.000154278 0.000705251 0.000005238 0.000042695 -0.000006876 1.000000000
11.700000 0.000137805 -0.000305442 0.000357382 -0.000053622 -0.000006136 0.000022784 1.000000000
11.800000 -0.000009070 -0.000243314 0.000609809 -0.000059333 0.000036473 0.000052048 1.000000000
11.900000 0.000064193 -0.000261063 0.000658139 -0.000042762 0.000008145 0.000062738 1.000000000
12.000000 0.000081671 -0.000175280 0.000399991 -0.000015780 -0.000002454 0.000083246 1.000000000
12.100000 0.000096853 -0.000251853 0.000945885 -0.000035570 0.000014120 0.000040636 1.000000000
12.200000 0.000044823 -0.000245146 0.000708174 -0.000021475 0.000004900 0.000080646 1.000000000
12.300000 0.000121852 -0.000190880 0.000509999 -0.000029847 0.000028090 0.000057092 1.000000000
12.400000 0.000339795 -0.000255639 0.001177942 -0.000032650 -0.000001397 0.000069508 1.000000000
12.500000 0.000110344 -0.000294541 0.000803196 -0.000048691 0.000029243 0.000046859 1.000000000
12.600000 0.000089372 -0.000091677 0.000526015 -0.000029510 -0.000005813 0.000009263 1.000000000
12.700000 -0.000073343 -0.000222120 0.000295499 -0.000058848 0.000033778 0.000018750 1.000000000
12.800000 0.000118404 -0.000262173 0.000769027 -0.000046135 0.000026611 0.000004608 1.000000000
12.900000 0.000082460 -0.000268091 0.000899439 -0.000022494 0.000002810 0.000076701 1.000000000
13.000000 -0.000024645 -0.000126831 0.000406573 -0.000015610 0.000032154 0.000025604 1.000000000
13.100000 -0.000148434 -0.000148158 0.000874603 -0.000004625 0.000069684 -0.000010555 1.000000000
13.200000 -0.000133796 -0.000116178 0.000058831 -0.000032678 0.000059697 -0.000063812 1.000000000
13.300000 -0.000032861 -0.000090011 0.000558505 -0.000018613 0.000038299 0.000022457 1.000000000
13.400000 -0.000039781 -0.000132308 0.000686298 -0.000041498 0.000047537 -0.000035851 1.000000000
13.500000 -0.000064219 -0.000082408 0.000395434 0.000005164 0.000051669 -0.000018094 1.000000000
13.600000 -0.000011859 -0.000275926 0.000281182 -0.000056825 0.000020958 0.000062904 1.000000000
13.700000 -0.000062116 -0.000034019 0.000643876 0.000011547 0.000037964 -0.000000591 1.000000000
13.800000 -0.000086355 -0.000109189 0.000087281 -0.000018982 0.000036587 -0.000072602 1.000000000
13.900000 0.000033076 -0.000100400 0.000464236 -0.000001230 0.000006329 0.000049545 1.000000000
14.000000 0.000001524 -0.000071743 0.000549396 -0.000007818 0.000014048 0.000070554 1.000000000
14.100000 -0.000077623 -0.000300235 0.000292668 -0.000046565 0.000035116 0.000075130 1.000000000
14.200000 0.000012578 -0.000117752 0.000326517 -0.000014528 -0.000004248 0.000060528 1.000000000
14.300000 0.000105777 -0.000119555 0.000698130 -0.000012739 0.000012597 0.000054596 1.000000000
14.400000 -0.000088496 -0.000199346 0.000056224 -0.000016709 0.000043866 -0.000010967 1.000000000
14.500000 0.000347169 -0.000141053 0.000644493 -0.000007792 -0.000036983 0.000108629 1.000000000
14.600000 0.000046911 -0.000176139 0.000296034 -0.000011289 0.000026960 -0.000001832 1.000000000
14.700000 0.000002499 0.000002876 0.000601732 0.000033882 0.000045431 0.000032256 1.000000000
14.800000 -0.000033476 -0.000269044 0.000205337 -0.000047964 0.000017489 0.000077489 1.000000000
14.900000 0.000206975 -0.000126641 0.000950272 -0.000007016 -0.000011989 0.000071457 1.000000000
15.000000 -0.000099934 -0.000090833 0.000477834 0.000001685 0.000045054 0.000051405 1.000000000
15.100000 0.000026682 -0.000054644 0.000951997 0.000004483 0.000028999 0.000076883 1.000000000
15.200000 -0.000066078 -0.000174294 0.000501327 -0.000012143 0.000058878 0.000003042 1.000000000
15.300000 0.000077775 -0.000266529 0.000630218 -0.000043440 0.000025559 0.000007839 1.000000000
15.400000 0.000263820 -0.000201275 0.000223273 -0.000025561 -0.000033984 0.000057937 1.000000000
15.500000 -0.000021994 -0.000138871 0.000718081 -0.000018477 0.000021678 0.000072743 1.000000000
15.600000 -0.000071537 -0.000128248 0.000498982 0.000013722 0.000033570 -0.000012108 1.000000000
15.700000 -0.000025691 -0.000139087 0.000515657 -0.000013541 0.000035496 0.000029889 1.000000000
15.800000 0.000075226 -0.000274687 0.000922562 -0.000023369 0.000001125 0.000120338 1.000000000
15.900000 0.000023098 -0.000257806 0.000985103 -0.000015459 0.000048179 -0.000025027 1.000000000
16.000000 0.000032528 -0.000265688 0.000686857 -0.000049133 0.000022001 0.000002946 1.000000000
16.100000 -0.000014744 -0.000285392 0.000573215 -0.000047371 0.000021209 0.000063758 1.000000000
16.200000 0.000124496 -0.000327247 0.000806512 -0.000026013 0.000007457 0.000079085 1.000000000
16.300000 0.000039216 -0.000155772 0.000698405 -0.000019432 0.000025886 0.000013222 1.000000000
16.400000 0.000556402 -0.000146227 0.000906169 -0.000008384 -0.000066780 0.000071234 1.000000000
16.500000 0.000038979 -0.000235260 0.000967833 -0.000014100 0.000033671 0.000074424 1.000000000
16.600000 0.000052925 -0.000107370 0.000770674 -0.000004307 0.000011719 0.000032594 1.000000000
16.700000 -0.000087584 -0.000330282 0.000439422 -0.000040574 0.000036111 0.000014832 1.000000000
16.800000 -0.000010325 -0.000217998 0.000659543 -0.000019742 0.000035876 0.000026922 1.000000000
16.900000 -0.000037520 -0.000266665 0.000741196 -0.000043830 0.000034355 0.000079880 1.000000000
17.000000 -0.000110875 -0.000292083 0.000749510 -0.000037960 0.000056484 0.000081773 1.000000000
17.100000 -0.000110663 -0.000250497 0.000580474 -0.000029902 0.000041260 0.000031674 1.000000000
17.200000 -0.000069335 -0.000209756 0.000452990 -0.000007691 0.000052390 -0.000023918 1.000000000
17.300000 -0.000045929 -0.000153830 0.000522777 -0.000022056 0.000020595 0.000051483 1.000000000
17.400000 -0.000116292 -0.000227558 0.000385723 -0.000029400 0.000057946 0.000014750 1.000000000
17.500000 0.000063254 -0.000251585 0.000926254 -0.000013565 0.000006525 0.000088166 1.000000000
17.600000 0.000016245 -0.000255245 0.000809770 -0.000034698 -0.000009408 0.000104382 1.000000000
17.700000 0.000211627 -0.000196890 -0.000037355 -0.000019610 -0.000023782 0.000070094 1.000000000
17.800000 -0.000043639 -0.000137869 0.000844829 -0.000011887 0.000055053 -0.000036887 1.000000000
17.900000 -0.000053228 -0.000149336 0.000485255 -0.000008349 0.000048956 0.000017955 1.000000000
18.000000 -0.000024427 -0.000216196 0.000315594 -0.000023445 0.000011548 0.000057777 1.000000000
18.100000 0.000071256 -0.000118804 0.000613909 0.000008599 0.000005050 0.000067249 1.000000000
18.200000 0.000509910 -0.000250480 0.000960111 -0.000011500 -0.000072767 0.000116903 1.000000000
18.300000 -0.000114133 -0.000167243 0.000362015 -0.000010167 0.000074755 0.000014982 1.000000000
18.400000 -0.000020122 -0.000166255 0.000458010 -0.000007818 0.000028508 0.000053330 1.000000000
18.500000 -0.000103375 -0.000362581 0.000772868 -0.000053620 0.000045603 0.000092976 1.000000000
18.600000 -0.000034115 -0.000151706 0.000604214 0.000000004 0.000053393 0.000006124 1.000000000
18.700000 -0.000021482 -0.000256776 0.000548538 -0.000038520 0.000021927 -0.000011823 1.000000000
18.800000 -0.000091397 -0.000130476 0.000458566 -0.000008963 0.000034847 0.000076233 1.000000000
18.900000 -0.000017427 -0.000160969 0.000163877 -0.000030578 0.000032400 -0.000042270 1.000000000
19.000000 -0.000058775 -0.000213966 0.000168515 -0.000026910 0.000027827 0.000102715 1.000000000
19.100000 -0.000112242 -0.000298570 0.000412762 -0.000051939 0.000040896 0.000023022 1.000000000
19.200000 -0.000117194 -0.000213146 0.000272237 -0.000033931 0.000052085 -0.000053523 1.000000000
19.300000 -0.000128869 -0.000268775 0.000320210 -0.000065664 0.000041763 0.000113111 1.000000000
19.400000 0.000064937 -0.000227005 0.000801744 -0.000029955 0.000022064 0.000080841 1.000000000
19.500000 0.000000854 -0.000058545 0.000089191 -0.000023565 0.000027657 -0.000023096 1.000000000
19.600000 -0.000003323 -0.000103620 0.000370360 0.000015231 0.000017807 0.000024342 1.000000000
19.700000 -0.000004843 -0.000268359 0.000768343 -0.000009416 0.000026875 0.000024203 1.000000000
19.800000 -0.000088670 -0.000166915 0.000807696 -0.000002192 0.000053334 0.000019181 1.000000000
19.900000 0.000151496 -0.000310494 0.000808548 -0.000019485 0.000000430 0.000066506 1.000000000
20.000000 -0.000046583 -0.000216779 0.000503446 -0.000026044 0.000054965 0.000010706 1.000000000
20.100000 -0.000087214 -0.000233017 0.000517122 -0.000028750 0.000025770 -0.000000229 1.000000000
20.200000 -0.000002956 -0.000092786 0.000645390 -0.000002736 0.000026661 0.000010103 1.000000000
20.300000 -0.000068639 -0.000239163 0.000804734 -0.000016463 0.000050151 0.000053528 1.000000000
20.400000 0.000060642 -0.000201898 0.000699786 -0.000039180 0.000007211 0.000047972 1.000000000
20.500000 0.000371159 -0.000152504 0.000795548 -0.000022695 -0.000001075 -0.000004986 1.000000000
20.600000 -0.000027547 -0.000150801 0.000704615 -0.000023294 0.000030272 0.000024234 1.000000000
20.700000 0.000045630 -0.000159928 0.000788010 -0.000009673 0.000009319 0.000072445 1.000000000
20.800000 0.000405282 -0.000131966 0.003600225 -0.000003726 0.000311510 0.000194852 0.999999940
20.900000 0.000618388 -0.000176314 0.003184150 0.000061109 0.000564787 0.000102865 0.999999821
21.000000 0.000914197 -0.000408645 0.003729612 0.000042633 0.000516278 0.000304810 0.999999821
21.100000 0.000934855 -0.000457538 0.003599108 -0.000006260 0.000518052 0.000171480 0.999999821
21.200000 0.000521455 -0.000236911 0.002499156 0.000062163 0.000582580 0.000227046 0.999999821
21.300000 0.001110572 -0.000364096 0.004857756 0.000064886 0.000658556 -0.000003782 0.999999762
21.400000 0.001586367 -0.002089010 0.014767711 -0.000820711 0.000893635 -0.000355684 0.999999225
21.500000 0.000917231 -0.000368625 0.026789844 -0.000611788 0.000138685 -0.000027042 0.999999821
21.600000 0.001480615 -0.000380992 0.033037420 -0.001022301 0.000452165 -0.000104952 0.999999344
21.700000 0.001451549 -0.001317587 0.038552038 -0.001270549 0.000696839 -0.000145706 0.999998927
21.800000 0.001693399 -0.000230312 0.040523145 -0.001175919 0.001303033 -0.000251711 0.999998450
21.900000 0.002340813 0.000734442 0.040066004 -0.000878622 0.001126961 -0.000178875 0.999998927
22.000000 0.002087811 0.000978920 0.038992085 -0.000855864 0.001189589 -0.000245081 0.999998868
22.100000 0.001119152 -0.000825855 0.038146164 -0.001131993 0.001328172 -0.000374401 0.999998391
22.200000 0.001611811 -0.000991430 0.039661720 -0.001160648 0.001270030 -0.000400275 0.999998450
22.300000 0.001765389 -0.001071825 0.038795020 -0.001123248 0.001238927 -0.000170416 0.999998569
22.400000 0.001819905 0.000340658 0.039817523 -0.000950833 0.001280760 -0.000365598 0.999998629
22.500000 0.002204053 0.000642704 0.040548202 -0.000913212 0.001175722 -0.000157424 0.999998868
22.600000 0.001592518 -0.000480254 0.039392430 -0.001036435 0.001266864 -0.000343759 0.999998569
22.700000 0.001868022 -0.000214457 0.040138654 -0.001034783 0.001176365 -0.000092116 0.999998748
22.800000 0.001437777 -0.000345302 0.038973697 -0.001026799 0.001251036 -0.000259636 0.999998629
22.900000 0.001640932 -0.000521315 0.039357465 -0.001040057 0.001259460 -0.000326359 0.999998629
23.000000 0.001837301 -0.000683014 0.039709698 -0.001073595 0.001203948 -0.000217677 0.999998689
23.100000 0.000972057 -0.000001018 0.039737772 -0.001000888 0.001339129 -0.000226681 0.999998569
23.200000 0.001149744 -0.000710473 0.039473120 -0.001065377 0.001307479 -0.000157239 0.999998569
23.300000 0.001439196 0.000046184 0.040307920 -0.000948148 0.001261880 -0.000191205 0.999998748
23.400000 0.001943170 -0.001170607 0.040865127 -0.001295792 0.001220169 -0.000295891 0.999998391
23.500000 0.000895916 0.000075822 0.040609088 -0.001008948 0.001381801 -0.000349778 0.999998450
23.600000 0.002606959 0.000885801 0.040433310 -0.000854285 0.001066105 -0.000239979 0.999999046
23.700000 0.002715018 0.000899392 0.040646926 -0.000862693 0.001059379 -0.000109573 0.999999046
23.800000 0.002165579 0.001093849 0.039480396 -0.000779421 0.001155351 -0.000155759 0.999998987
23.900000 0.002651707 0.000276432 0.041733216 -0.000922356 0.001300684 -0.000250408 0.999998689
24.000000 0.002626100 0.000140834 0.050587885 -0.001486781 0.001809308 -0.000091243 0.999997258
24.100000 0.001984208 -0.000170164 0.058408812 -0.001131494 0.001788839 -0.000437734 0.999997675
24.200000 0.003692504 0.000801472 0.069233403 -0.001737269 0.001596134 -0.000197235 0.999997199
24.300000 0.003054008 0.001168294 0.089885734 -0.001810180 0.003782092 -0.000315737 0.999991179
24.400000 0.004284375 0.000270406 0.108965129 -0.001789825 0.004707301 0.000290021 0.999987304
24.500000 0.005606750 0.001045625 0.135141805 -0.001480984 0.005692247 0.000646580 0.999982476
24.600000 0.007015184 0.001889359 0.170142621 -0.001384767 0.006247043 0.001277153 0.999978721
24.700000 0.006893232 -0.000449758 0.201889440 -0.001087446 0.007794574 0.000784729 0.999968708
24.800000 0.007458827 -0.002043121 0.240002364 -0.000657429 0.007567103 0.000914650 0.999970734
24.900000 0.007934080 0.000805674 0.272862077 0.000539697 0.007906854 0.000118773 0.999968588
25.000000 0.009329394 0.000026677 0.305763423 0.001135270 0.007918364 -0.000235290 0.999967992
25.100000 0.009538071 0.001764598 0.339906275 0.001641473 0.007043236 0.000301454 0.999973774
25.200000 0.010690554 0.001421397 0.375818908 0.001504780 0.006908785 0.000858162 0.999974608
25.300000 0.011140702 0.001831027 0.408712149 0.001147435 0.006536348 0.001682477 0.999976575
25.400000 0.010934757 0.005623270 0.425944090 0.000105569 0.006810873 0.002798151 0.999972880
25.500000 0.011744895 0.005225662 0.458325177 -0.000409067 0.006196012 0.002560541 0.999977410
25.600000 0.012782497 0.005430886 0.491208225 -0.000630103 0.006530706 0.001818761 0.999976814
25.700000 0.013095889 0.006586493 0.523439944 0.000183049 0.006052175 0.001189998 0.999980927
25.800000 0.013280413 0.006287986 0.550850570 -0.001181715 0.006085849 0.000623910 0.999980569
25.900000 0.013415966 0.007130056 0.583573997 -0.000380977 0.005090702 0.000122918 0.999986947
26.000000 0.013457898 0.007684397 0.615691185 0.000074273 0.005249446 0.000101363 0.999986172
26.100000 0.014501175 0.007170531 0.650850058 0.001662868 0.004091557 0.000098932 0.999990225
26.200000 0.015610390 0.006492650 0.683317363 0.002213315 0.003896366 0.000211339 0.999989927
26.300000 0.016555296 0.007259034 0.715854526 0.002957684 0.004053674 0.000027340 0.999987423
26.400000 0.016582886 0.006721208 0.749651074 0.003289194 0.003346852 0.000071077 0.999988973
26.500000 0.016484676 0.008139875 0.785272717 0.001907411 0.003047474 0.000004755 0.999993503
26.600000 0.017826885 0.007622761 0.816436052 0.001375911 0.001601770 -0.000290994 0.999997735
26.700000 0.017963428 0.007116358 0.852058291 0.000419163 0.001325894 -0.000258903 0.999999046
26.800000 0.018244859 0.007305837 0.884489715 -0.000132525 0.000550418 0.000036410 0.999999821
26.900000 0.015944423 0.008903505 0.912498951 -0.000299252 0.000884858 0.000349620 0.999999523
27.000000 0.016203064 0.009449958 0.945210695 -0.000573174 0.000205692 0.000664012 0.999999642
27.100000 0.016625196 0.009670947 0.978522897 -0.002046718 0.000083183 0.000546846 0.999997735
27.200000 0.016931331 0.010385633 1.004540920 -0.002478775 -0.001191868 0.000556678 0.999996066
27.300000 0.017553233 0.011461353 1.036795378 -0.004052378 -0.001374910 0.000169461 0.999990821
27.400000 0.017701115 0.012014244 1.068439603 -0.004326877 -0.002233524 0.000300596 0.999988079
27.500000 0.017859105 0.012458546 1.101679206 -0.004896355 -0.002810864 0.000325657 0.999984026
27.600000 0.017850179 0.013202854 1.134829760 -0.004341388 -0.002471577 0.000048606 0.999987543
27.700000 0.017199565 0.013264799 1.167583704 -0.003461640 -0.003056468 -0.000572991 0.999989152
27.800000 0.017865654 0.013549055 1.199910402 -0.002134628 -0.002629852 -0.000642842 0.999994040
27.900000 0.017301204 0.014768979 1.231302619 -0.001601600 -0.002853327 -0.000866225 0.999994278
28.000000 0.015585220 0.016242895 1.260763288 -0.000951204 -0.002674504 -0.001073021 0.999995410
28.100000 0.015760340 0.017198795 1.292429566 -0.001518291 -0.003402004 -0.001123834 0.999992430
28.200000 0.014931273 0.017640568 1.323521376 -0.001528223 -0.003468288 -0.001006134 0.999992311
28.300000 0.015561001 0.018409649 1.355372548 -0.001351167 -0.003872572 -0.000905805 0.999991179
28.400000 0.012861015 0.019162279 1.387370944 -0.001791027 -0.002151035 -0.000613605 0.999995887
28.500000 0.010984199 0.020033084 1.414682865 -0.001409564 -0.001698037 -0.000738231 0.999997318
28.600000 0.010272721 0.018357055 1.437429547 -0.002605546 -0.001871447 -0.000722429 0.999994576
28.700000 0.011600140 0.019174580 1.452107668 -0.002432875 -0.004907797 -0.000464356 0.999984860
28.800000 0.011577185 0.019694645 1.467097521 -0.002764240 -0.006533095 -0.000354860 0.999974787
28.900000 0.011029236 0.019198950 1.478055835 -0.003517792 -0.007645503 0.000165102 0.999964595
29.000000 0.002898160 0.017412541 1.480031490 -0.004487798 -0.020218365 0.001386739 0.999784529
29.100000 0.000611186 0.019606121 1.480874777 -0.003152630 -0.029798759 0.000408441 0.999550879
29.200000 -0.000125937 0.020006113 1.481128693 -0.002885708 -0.032119859 -0.000565124 0.999479711
29.300000 -0.000400349 0.019739226 1.480582595 -0.002979252 -0.031745046 -0.000624047 0.999491394
29.400000 -0.000484832 0.019503484 1.481033087 -0.003070887 -0.032323904 -0.000206797 0.999472678
29.500000 -0.000567302 0.018747745 1.481677175 -0.003660719 -0.034997433 0.000616350 0.999380529
29.600000 -0.004511662 0.016711844 1.482759118 -0.004650609 -0.043306630 0.002128126 0.999048769
29.700000 -0.009575993 0.017588302 1.484970570 -0.004187293 -0.059311561 0.002368388 0.998227894
29.800000 -0.012756109 0.017515939 1.485732436 -0.004103746 -0.070779137 0.002023133 0.997481525
29.900000 -0.016901821 0.017293829 1.486933470 -0.003921274 -0.082368307 0.002760255 0.996590376
30.000000 -0.020181209 0.017925916 1.487759471 -0.003363077 -0.096115790 0.002587155 0.995361149
30.100000 -0.024437100 0.016807996 1.488384128 -0.004026365 -0.106447399 0.003956142 0.994302332
30.200000 -0.030336916 0.016080242 1.484084606 -0.004537212 -0.129836559 0.004851546 0.991513133
30.300000 -0.036999077 0.015809201 1.480219364 -0.004361075 -0.154937565 0.005520042 0.987899244
30.400000 -0.041938901 0.015226453 1.476695180 -0.004335020 -0.177084655 0.006298662 0.984165907
30.500000 -0.047172189 0.014374443 1.472041488 -0.004601379 -0.202088669 0.007602055 0.979326904
30.600000 -0.052177668 0.014461718 1.467138648 -0.004293202 -0.227213934 0.007657813 0.973805308
30.700000 -0.056895614 0.015121814 1.461780190 -0.003561096 -0.251065880 0.007211117 0.967936575
30.800000 -0.062722862 0.015185243 1.455987692 -0.003183920 -0.275562793 0.007700758 0.961246967
30.900000 -0.067228913 0.014604546 1.450450182 -0.002889680 -0.299688429 0.008415402 0.953995645
31.000000 -0.072648287 0.013788654 1.443742037 -0.002837955 -0.322547615 0.008900572 0.946507096
31.100000 -0.074950337 0.012543370 1.432926536 -0.002607790 -0.345686406 0.009510882 0.938298225
31.200000 -0.078661621 0.013651892 1.431771994 -0.002082819 -0.369651586 0.010805943 0.929105282
31.300000 -0.080945075 0.012593748 1.420902729 -0.001944761 -0.392657369 0.011158823 0.919615090
31.400000 -0.086448133 0.014769290 1.420850992 -0.001555331 -0.415991157 0.010227696 0.909309804
31.500000 -0.088131428 0.014489042 1.413986444 -0.000958304 -0.433813721 0.011021482 0.900934637
31.600000 -0.089416325 0.013773571 1.406304717 -0.000558443 -0.456269920 0.011382960 0.889768422
31.700000 -0.093085051 0.014443106 1.399504781 -0.000252671 -0.478467882 0.011851802 0.878025055
31.800000 -0.093890250 0.014765371 1.393238187 -0.000324074 -0.500555038 0.013105188 0.865605474
31.900000 -0.094093084 0.014241879 1.385550022 -0.000277589 -0.521688759 0.013155396 0.853034377
32.000000 -0.094074875 0.014002997 1.378902078 0.000198477 -0.543475807 0.013679837 0.839313328
32.100000 -0.093688220 0.013961078 1.370351791 0.000599767 -0.564354539 0.013767587 0.825417519
32.200000 -0.093535244 0.014024266 1.362187266 0.000922573 -0.584017575 0.013559206 0.811627209
32.300000 -0.092184305 0.015516509 1.354349852 0.001451757 -0.603994071 0.013793143 0.796868086
32.400000 -0.094218582 0.015073625 1.347040892 0.001965840 -0.623742819 0.013958770 0.781502485
32.500000 -0.068488687 0.026926067 1.411420941 0.000393672 -0.644758761 0.022006106 0.764069200
32.600000 -0.068079188 0.026907662 1.411108136 0.000892879 -0.646407545 0.021627193 0.762685239
32.700000 -0.068402708 0.027196433 1.410266638 0.000126194 -0.648805380 0.022855615 0.760611057
32.800000 -0.065846935 0.027442489 1.406183720 0.000143688 -0.659290731 0.023871068 0.751509070
32.900000 -0.067143977 0.026503827 1.405252218 0.001398370 -0.664040923 0.021816295 0.747376621
33.000000 -0.067056924 0.026367830 1.404949546 0.001490419 -0.664349496 0.021779466 0.747103214
33.100000 -0.067158476 0.026529731 1.404854894 0.001414805 -0.664270878 0.021858685 0.747170925
33.200000 -0.068799287 0.026789516 1.403760433 0.000891489 -0.665478647 0.022727873 0.746070266
33.300000 -0.067351848 0.026566993 1.403026462 0.001557199 -0.668654501 0.021824701 0.743251264
33.400000 -0.067268491 0.026257077 1.403430462 0.001490645 -0.668658435 0.021983294 0.743243158
33.500000 -0.067114875 0.026408635 1.403539419 0.001416435 -0.668663383 0.022161772 0.743233621
33.600000 -0.067352623 0.026880343 1.402309060 0.000758534 -0.670148730 0.023293598 0.741860867
33.700000 -0.066204250 0.026195340 1.402186632 0.001813567 -0.671841443 0.021694819 0.740374982
33.800000 -0.066901565 0.026363211 1.402474880 0.001667338 -0.671162665 0.021989578 0.740982056
33.900000 -0.066774100 0.026222732 1.402153134 0.001660883 -0.671063006 0.021950262 0.741073489
34.000000 -0.067354873 0.026336543 1.400724649 0.001148605 -0.674690902 0.022688143 0.737750709
34.100000 -0.067452550 0.026323175 1.400986314 0.001734612 -0.674043834 0.022100937 0.738358617
34.200000 -0.066863820 0.025969956 1.401283860 0.001603750 -0.674158990 0.021908725 0.738259494
34.300000 -0.067841262 0.026140014 1.400849223 0.001567775 -0.674066186 0.022116546 0.738338172
34.400000 -0.068132356 0.027049569 1.400325418 0.001673741 -0.674225390 0.022356579 0.738185287
34.500000 -0.067359358 0.025537156 1.400484562 0.001617635 -0.673658729 0.021833505 0.738718212
34.600000 -0.067271516 0.025986455 1.401147842 0.001596641 -0.673812568 0.022063073 0.738571107
34.700000 -0.067433372 0.026018696 1.401182890 0.001728755 -0.673805714 0.021933710 0.738580942
34.800000 -0.067211002 0.025960611 1.401257753 0.001659647 -0.673819363 0.021958428 0.738567948
34.900000 -0.066799983 0.025374219 1.401020288 0.001653479 -0.674030006 0.021968428 0.738375425
35.000000 -0.072495237 0.025468370 1.402467847 0.001600639 -0.674019694 0.021667236 0.738393843
35.100000 -0.079299405 0.025282465 1.401933193 0.001674826 -0.675574660 0.021694945 0.736970365
35.200000 -0.091124110 0.025521647 1.401931643 0.002181253 -0.676006973 0.022563959 0.736546516
35.300000 -0.112004846 0.024450473 1.402491570 0.001838844 -0.678604305 0.021775495 0.734178841
35.400000 -0.137368768 0.025117561 1.404465914 0.002045800 -0.679828703 0.021988271 0.733038425
35.500000 -0.167311370 0.025795329 1.407171488 0.002288952 -0.680662513 0.021635680 0.732273996
35.600000 -0.193987519 0.023123238 1.410365701 0.001874550 -0.681970596 0.020528756 0.731088996
35.700000 -0.226438984 0.023184573 1.412002563 0.001715098 -0.682343066 0.020697106 0.730737031
35.800000 -0.251667619 0.021288551 1.413379669 0.001438627 -0.682440937 0.020968389 0.730638564
35.900000 -0.289029896 0.022149604 1.416053534 0.000849545 -0.682503223 0.021847315 0.730555475
36.000000 -0.320063293 0.020923432 1.417830348 0.000572590 -0.682656050 0.020806594 0.730443418
36.100000 -0.350686640 0.020371361 1.421420217 0.000840914 -0.682451665 0.021179739 0.730623364
36.200000 -0.383755714 0.020229129 1.424641371 0.000761157 -0.682902515 0.020849055 0.730211556
36.300000 -0.416823596 0.018837525 1.426062107 0.000680028 -0.682989776 0.021190390 0.730120182
36.400000 -0.447084844 0.017570445 1.428583384 0.001174764 -0.682896376 0.021408703 0.730200589
36.500000 -0.481791854 0.016803626 1.432110906 0.001775986 -0.683252990 0.021971388 0.729848981
36.600000 -0.513658643 0.017092092 1.433276415 0.002639958 -0.682714403 0.023648446 0.730297804
36.700000 -0.548919678 0.013521787 1.436531305 0.003199634 -0.683279216 0.022785597 0.729794562
36.800000 -0.582756937 0.013773715 1.439381242 0.003091956 -0.683039367 0.022875613 0.730016649
36.900000 -0.613230765 0.012772420 1.441050410 0.004391954 -0.682690740 0.023802463 0.730306447
37.000000 -0.645853221 0.013892340 1.441948175 0.005274426 -0.682694376 0.024616143 0.730270207
37.100000 -0.678068280 0.011788677 1.445174694 0.005414412 -0.683350682 0.024422243 0.729661644
37.200000 -0.707639456 0.012332384 1.447956204 0.004550682 -0.684183300 0.025019849 0.728866577
37.300000 -0.735204637 0.010560188 1.448778510 0.004568263 -0.683742881 0.022686454 0.729356050
37.400000 -0.758142769 0.012943923 1.448483467 0.004712527 -0.683327675 0.023788340 0.729708970
37.500000 -0.790780485 0.012377705 1.449267387 0.005064812 -0.682699740 0.022298364 0.730341136
37.600000 -0.823172510 0.012087815 1.452000260 0.005179934 -0.682736278 0.021401819 0.730333030
37.700000 -0.850636125 0.012060795 1.454111695 0.005304497 -0.682892144 0.020494154 0.730212390
37.800000 -0.872623026 0.011610705 1.455854297 0.005039216 -0.683158517 0.020219339 0.729972780
37.900000 -0.889634907 0.007284662 1.441164017 0.003979190 -0.688533664 0.017556630 0.724980891
38.000000 -0.889615595 0.008398877 1.418948650 0.003933201 -0.702367663 0.019273605 0.711542487
38.100000 -0.892110169 0.012813905 1.438581109 0.004358420 -0.725408733 0.022138348 0.687948406
38.200000 -0.894005477 0.019039001 1.453906059 0.007741991 -0.739533842 0.024594737 0.672625303
38.300000 -0.894358695 0.018580329 1.453180194 0.008295627 -0.742273569 0.023887957 0.669619739
38.400000 -0.894350290 0.019154228 1.451152444 0.007589981 -0.746148109 0.025145659 0.665261686
38.500000 -0.893379450 0.018698771 1.444981456 0.008142129 -0.756783485 0.024990248 0.653137028
38.600000 -0.890089750 0.020531477 1.439468265 0.008265799 -0.770893931 0.026616596 0.636353493
38.700000 -0.886823952 0.019527327 1.434115529 0.009044567 -0.783740520 0.025918148 0.620481491
38.800000 -0.883644581 0.017172905 1.428057671 0.008066174 -0.798321307 0.025155688 0.601652145
38.900000 -0.881594181 0.018993452 1.426486135 0.009119025 -0.813665092 0.025735522 0.580692351
39.000000 -0.879548788 0.021347750 1.423918962 0.010290560 -0.829316795 0.026333002 0.558062971
39.100000 -0.873769999 0.020674752 1.416197658 0.010552113 -0.842041492 0.026045941 0.538680136
39.200000 -0.869869292 0.023217332 1.414915800 0.011162814 -0.856291950 0.026839996 0.515673399
39.300000 -0.859110594 0.017150544 1.400884151 -0.009163450 0.866717100 -0.024829689 -0.498097390
39.400000 -0.852831364 0.017610975 1.396760583 -0.009896940 0.879050314 -0.024723168 -0.475984603
39.500000 -0.848132610 0.017685367 1.392424583 -0.009816653 0.891007900 -0.024327353 -0.453229189
39.600000 -0.841223240 0.017269898 1.388432860 -0.009950302 0.902102828 -0.023767548 -0.430751145
39.700000 -0.833633423 0.018087547 1.384598613 -0.010654101 0.912565649 -0.023780327 -0.408099204
39.800000 -0.829015136 0.018652415 1.381126881 -0.011261276 0.922874272 -0.023977384 -0.384189188
39.900000 -0.819276214 0.017369708 1.375319123 -0.011166773 0.931748986 -0.023488486 -0.362170368
40.000000 -0.813117385 0.017485084 1.374154449 -0.011208255 0.940414310 -0.023452571 -0.339035869
40.100000 -0.806122303 0.017443378 1.372280002 -0.011197463 0.947017372 -0.023153724 -0.320150822
40.200000 -0.798391581 0.017704930 1.368886948 -0.011888947 0.954708397 -0.022767900 -0.296432406
40.300000 -0.789873958 0.017625598 1.367726326 -0.012563014 0.961827636 -0.022410586 -0.272447407
40.400000 -0.783508301 0.017957073 1.366227508 -0.012031929 0.968875468 -0.022256631 -0.246252328
40.500000 -0.776970983 0.019767363 1.363150358 -0.012968542 0.974881530 -0.022782940 -0.221175671
40.600000 -0.768939376 0.019468017 1.363405108 -0.012869576 0.980049253 -0.022454036 -0.197062716
40.700000 -0.762382150 0.019915642 1.361533165 -0.013127465 0.984565854 -0.021781467 -0.173156768
40.800000 -0.753845930 0.019795682 1.364056706 -0.013464397 0.988581538 -0.021510307 -0.148534790
40.900000 -0.747374535 0.020317566 1.365062714 -0.013853332 0.992048979 -0.021475056 -0.123230360
41.000000 -0.739706278 0.020415258 1.364832401 -0.014273295 0.994810700 -0.021233374 -0.098473370
41.100000 -0.731124043 0.019827481 1.369413137 -0.014452106 0.996970356 -0.021240441 -0.073417045
41.200000 -0.723983109 0.020770166 1.367148161 -0.014978079 0.998490870 -0.021196699 -0.048397355
41.300000 -0.717611313 0.019940216 1.370883465 -0.014060843 0.999425292 -0.021043554 -0.022551391
41.400000 -0.709972084 0.020996094 1.368889928 -0.014849240 0.999669909 -0.020844318 0.002253583
41.500000 -0.701196849 0.022723496 1.369974971 -0.014797510 0.999317944 -0.020961827 0.026558239
41.600000 -0.696586490 0.022874899 1.374139786 -0.014706468 0.998587489 -0.020674270 0.046683185
41.700000 -0.694685459 0.021506269 1.376673579 -0.016932873 0.997969329 -0.019726651 0.058149438
41.800000 -0.695262313 0.022626314 1.364929914 -0.016770378 0.997909904 -0.020376300 0.058986869
41.900000 -0.691465318 0.019404385 1.356777191 -0.016012939 0.997825921 -0.019427070 0.060905974
42.000000 -0.689643562 0.018973149 1.350567698 -0.015794473 0.997662783 -0.019217238 0.063641213
42.100000 -0.691408515 0.020147242 1.346271276 -0.015237201 0.997465372 -0.019389257 0.066743888
42.200000 -0.691870868 0.019635972 1.340989232 -0.016021393 0.997304499 -0.019435314 0.068915516
42.300000 -0.692318380 0.018203102 1.339510918 -0.015933467 0.997299850 -0.019230038 0.069060676
42.400000 -0.705901504 0.020812694 1.338092923 -0.017022034 0.997825325 -0.019725686 0.060545839
42.500000 -0.715823233 0.026917666 1.324771523 -0.017716879 0.999114931 -0.021020629 0.031835772
42.600000 -0.711966753 0.020641234 1.333841324 -0.016465889 0.999618590 -0.020283574 0.008952624
42.700000 -0.715255022 0.015322119 1.341011643 -0.014732449 0.999694824 -0.019571979 0.003180907
42.800000 -0.714612067 0.014925856 1.341247320 -0.014650841 0.999696672 -0.019538134 0.003184817
42.900000 -0.712746918 0.014829498 1.341726661 -0.014056950 0.999697149 -0.019368524 0.005738087
43.000000 -0.708495200 0.017008226 1.341148734 -0.013466055 0.999597669 -0.019831389 0.015164872
43.100000 -0.708108425 0.015525602 1.341871977 -0.014947984 0.999436140 -0.019296141 0.023057597
43.200000 -0.707899332 0.016210642 1.341660023 -0.014843930 0.999442339 -0.019459724 0.022717731
43.300000 -0.708820939 0.016251732 1.341264486 -0.014563740 0.999415696 -0.019975182 0.023604224
43.400000 -0.708775640 0.015811134 1.329469681 -0.014708858 0.999440432 -0.019586151 0.022779457
43.500000 -0.707380056 0.014405232 1.318767428 -0.014520633 0.999480546 -0.019308411 0.021331158
43.600000 -0.709031165 0.015686952 1.312225461 -0.014451832 0.999497175 -0.020003937 0.019909076
43.700000 -0.710125029 0.014588345 1.307159662 -0.014711223 0.999544561 -0.019612703 0.017595869
43.800000 -0.710058033 0.012229167 1.307713628 -0.014607972 0.999575436 -0.019701276 0.015728805
43.900000 -0.710179269 0.013487741 1.295815587 -0.014345337 0.999577820 -0.020240393 0.015125852
44.000000 -0.710936427 0.011199746 1.277544737 -0.014262156 0.999584615 -0.020056916 0.014999003
44.100000 -0.708213329 0.012209669 1.251171350 -0.014773340 0.999559700 -0.020562498 0.015470747
44.200000 -0.707838356 0.011061151 1.220827699 -0.015282783 0.999533415 -0.021508506 0.015386116
44.300000 -0.707016587 0.008333039 1.191343188 -0.015533294 0.999505818 -0.021685621 0.016630430
44.400000 -0.705852032 0.008189272 1.166502953 -0.015747011 0.999475241 -0.022652924 0.016973643
44.500000 -0.704662144 0.006570123 1.133214235 -0.015240798 0.999457598 -0.023072394 0.017886685
44.600000 -0.701306760 0.002874676 1.101415634 -0.015004416 0.999480307 -0.022443747 0.017615430
44.700000 -0.703870773 0.001870304 1.065545917 -0.014303028 0.999478519 -0.022049731 0.018761063
44.800000 -0.702396929 0.001400605 1.032536268 -0.014199942 0.999495983 -0.021569349 0.018464919
44.900000 -0.701644897 -0.001736108 1.000027776 -0.014350139 0.999473155 -0.022431843 0.018554777
45.000000 -0.700742543 -0.002449710 0.965631604 -0.014788266 0.999415338 -0.024548840 0.018645529
45.100000 -0.698981225 -0.002039805 0.929688871 -0.015407183 0.999336421 -0.027171610 0.018736077
45.200000 -0.701440692 -0.003375761 0.893287897 -0.015074583 0.999305487 -0.027788484 0.019728119
45.300000 -0.704242110 -0.006269224 0.856863141 -0.014321094 0.999242365 -0.028657217 0.022100469
45.400000 -0.698027611 -0.005054828 0.826369524 -0.014943784 0.999258697 -0.027643494 0.022239609
45.500000 -0.700260460 -0.005824417 0.787793934 -0.015401299 0.999258637 -0.027074214 0.022626719
45.600000 -0.698885560 -0.011453565 0.753179610 -0.015158459 0.999252975 -0.026905876 0.023233237
45.700000 -0.695477605 -0.011016432 0.717589200 -0.016116597 0.999236465 -0.027221583 0.022931024
45.800000 -0.696989715 -0.011684515 0.684492946 -0.016524009 0.999192655 -0.027343715 0.024358878
45.900000 -0.695538342 -0.009750865 0.658450305 -0.016412549 0.999211788 -0.026048444 0.025059933
46.000000 -0.697151423 -0.011184905 0.621675730 -0.015503905 0.999183774 -0.025665635 0.027068840
46.100000 -0.698434830 -0.014117276 0.580512822 -0.014030160 0.999209881 -0.024218570 0.028218945
46.200000 -0.695363283 -0.014367234 0.544866383 -0.013673514 0.999228954 -0.023445392 0.028370244
46.300000 -0.696312726 -0.014600795 0.505954683 -0.013027191 0.999248326 -0.022125699 0.029044369
46.400000 -0.690825284 -0.012437806 0.474895269 -0.014024232 0.999208093 -0.023661936 0.028751152
46.500000 -0.689952791 -0.010520246 0.438591987 -0.015048777 0.999153197 -0.024342285 0.029561691
46.600000 -0.694063962 -0.015553476 0.409437656 -0.015388125 0.999087453 -0.024791077 0.031191869
46.700000 -0.693898797 -0.019584907 0.369612515 -0.015131641 0.999076724 -0.024055438 0.032220148
46.800000 -0.696118176 -0.020088319 0.330028534 -0.014899495 0.999041677 -0.024156271 0.033320554
46.900000 -0.693954408 -0.021607913 0.297973871 -0.014922463 0.999014318 -0.023861200 0.034327380
47.000000 -0.697424293 -0.023953792 0.258640945 -0.015512214 0.999009192 -0.022395847 0.035192400
47.100000 -0.688768566 -0.029171309 0.226454094 -0.015690064 0.999052465 -0.021272173 0.034575801
47.200000 -0.679849744 -0.023990838 0.213610649 -0.016283205 0.999052942 -0.023076223 0.033099145
47.300000 -0.678118229 -0.024285384 0.188385621 -0.016574044 0.999021471 -0.023592178 0.033538714
47.400000 -0.675202668 -0.024430968 0.155635789 -0.016672011 0.999004185 -0.023686318 0.033935934
47.500000 -0.673648775 -0.025468068 0.123448402 -0.016995160 0.998987079 -0.023539659 0.034377795
47.600000 -0.672847688 -0.026980544 0.089758500 -0.016874656 0.998980224 -0.022141878 0.035545405
47.700000 -0.671885312 -0.027272690 0.055853192 -0.017171465 0.998959303 -0.022952579 0.035476420
47.800000 -0.671924829 -0.029254559 0.019853443 -0.017111186 0.998976648 -0.021222370 0.036090355
47.900000 -0.668572664 -0.029198647 -0.012643430 -0.017338697 0.998949051 -0.021739496 0.036434855
48.000000 -0.665958405 -0.030319376 -0.041641202 -0.017166272 0.998911619 -0.022625776 0.036998734
48.100000 -0.665329695 -0.032437749 -0.075123817 -0.017292380 0.998869002 -0.021981541 0.038451534
48.200000 -0.651869774 -0.033097710 -0.110091284 -0.016480111 0.998963416 -0.021068295 0.036831256
48.300000 -0.651452303 -0.036089286 -0.147038221 -0.015783528 0.998935997 -0.021750998 0.037479207
48.400000 -0.651029766 -0.039497517 -0.181323960 -0.014389663 0.998933017 -0.020681798 0.038704325
48.500000 -0.646415651 -0.043687999 -0.209900767 -0.013838176 0.998913765 -0.019813148 0.039840765
48.600000 -0.640983999 -0.039762706 -0.227887288 -0.013434868 0.998737216 -0.020934418 0.043649264
48.700000 -0.658951163 -0.045448817 -0.230202004 -0.011420680 0.996882975 -0.018973017 0.075722694
48.800000 -0.653936803 -0.043258373 -0.232203752 -0.012343925 0.994280398 -0.019827124 0.104216330
48.900000 -0.640477300 -0.041119680 -0.233518183 -0.013006768 0.991993189 -0.020457653 0.123942867
49.000000 -0.620896280 -0.038320355 -0.232251391 -0.013319715 0.990913749 -0.020836836 0.132205799
49.100000 -0.611854970 -0.036414549 -0.238280579 -0.014501962 0.990205228 -0.021081533 0.137255028
49.200000 -0.614774287 -0.038458478 -0.236021638 -0.014524661 0.989533305 -0.020410368 0.142113775
49.300000 -0.616984487 -0.043816403 -0.239861310 -0.013245219 0.988205135 -0.019170057 0.151352689
49.400000 -0.615436018 -0.040724635 -0.240060627 -0.014011532 0.986157119 -0.019487450 0.164067194
49.500000 -0.601660192 -0.039406702 -0.235339150 -0.014327157 0.984924316 -0.019803815 0.171250358
49.600000 -0.594761193 -0.038920816 -0.238214538 -0.015027603 0.982906818 -0.019680761 0.182431072
49.700000 -0.595311403 -0.041220866 -0.239382073 -0.014209693 0.980279386 -0.018689193 0.196217209
49.800000 -0.604746163 -0.041319400 -0.230533719 -0.013373665 0.975772619 -0.018537065 0.217589781
49.900000 -0.596483052 -0.042554520 -0.228130922 -0.013032407 0.969859004 -0.018205112 0.242636174
50.000000 -0.593293488 -0.037204020 -0.219457105 -0.013664185 0.963644862 -0.019020619 0.266157866
50.100000 -0.587473750 -0.036212154 -0.215262011 -0.013575306 0.957596302 -0.018806595 0.287178159
50.200000 -0.584650815 -0.036392268 -0.209205091 -0.013453786 0.951393187 -0.018463423 0.307130367
50.300000 -0.583055556 -0.036489036 -0.202328488 -0.013912287 0.943472743 -0.017640999 0.330687881
50.400000 -0.576267302 -0.034782667 -0.196987331 -0.013865225 0.935567141 -0.017356273 0.352449507
50.500000 -0.573795557 -0.034758486 -0.190915942 -0.014370155 0.926067531 -0.016842145 0.376707822
50.600000 -0.571379364 -0.034123767 -0.184760600 -0.013828564 0.916446149 -0.015938981 0.399601191
50.700000 -0.566802204 -0.034592208 -0.177267730 -0.013633265 0.906143367 -0.015051167 0.422482818
50.800000 -0.563581944 -0.034744561 -0.169915676 -0.014558597 0.895486057 -0.015049718 0.444596797
50.900000 -0.562615514 -0.034645718 -0.162311554 -0.014364268 0.884055734 -0.014499586 0.466935664
51.000000 -0.560815394 -0.033911791 -0.154450133 -0.013982140 0.871831775 -0.014023067 0.489404947
51.100000 -0.560548067 -0.033978742 -0.147643536 -0.013657809 0.859349251 -0.013914082 0.511017323
51.200000 -0.559249461 -0.033869456 -0.140456006 -0.013758125 0.846601963 -0.013813204 0.531869352
51.300000 -0.559575796 -0.033973660 -0.132803842 -0.013524875 0.833090544 -0.013669766 0.552802265
51.400000 -0.558883071 -0.033272997 -0.124607146 -0.013379469 0.819284081 -0.013652753 0.573069155
51.500000 -0.559654593 -0.033733454 -0.116356909 -0.013532002 0.804983616 -0.013047727 0.592999160
51.600000 -0.560453296 -0.033652626 -0.110658854 -0.013056822 0.792735159 -0.012365661 0.609300911
51.700000 -0.559347689 -0.033440791 -0.104929447 -0.012687552 0.777197957 -0.011970419 0.629014373
51.800000 -0.562108636 -0.033647448 -0.096914701 -0.012141283 0.761340141 -0.010942271 0.648146629
51.900000 -0.563827693 -0.033410408 -0.089597717 -0.012357571 0.744822562 -0.010417959 0.667066813
52.000000 -0.565121174 -0.033088025 -0.082175240 -0.012172760 0.727915108 -0.010096215 0.685484886
52.100000 -0.568576872 -0.032867957 -0.073684193 -0.012923803 0.711127937 -0.010064188 0.702871859
52.200000 -0.569272578 -0.031713158 -0.066889137 -0.012405518 0.693741679 -0.009326944 0.720056653
52.300000 -0.568288803 -0.033846233 -0.063004717 -0.013990691 0.685380638 -0.009628166 0.727986872
52.400000 -0.568655252 -0.033770621 -0.062895030 -0.014409035 0.682057679 -0.010065200 0.731087148
52.500000 -0.567743957 -0.033691477 -0.062747188 -0.014141685 0.682086289 -0.010123358 0.731064856
52.600000 -0.556815028 -0.034230351 -0.063253753 -0.014539378 0.681865573 -0.009984167 0.731264830
52.700000 -0.546650350 -0.033745330 -0.061387978 -0.014416089 0.680148363 -0.010210246 0.732861638
52.800000 -0.541350305 -0.034795836 -0.060826588 -0.014437812 0.678928375 -0.009741621 0.733997881
52.900000 -0.538512409 -0.033913318 -0.060452826 -0.014206246 0.677195609 -0.010057454 0.735597074
53.000000 -0.536062598 -0.034052119 -0.058800131 -0.014403148 0.677078843 -0.009952419 0.735702217
53.100000 -0.532488346 -0.033780951 -0.059527129 -0.014055592 0.676306427 -0.010140710 0.736416459
53.200000 -0.522982061 -0.033503976 -0.057549462 -0.014203371 0.676351249 -0.009876286 0.736376047
53.300000 -0.506215274 -0.031751640 -0.055877201 -0.013943958 0.674467444 -0.009162347 0.738116086
53.400000 -0.484494537 -0.031933524 -0.053214446 -0.014383216 0.672583044 -0.008862822 0.739828765
53.500000 -0.459372044 -0.031588331 -0.050666519 -0.015230818 0.671461403 -0.008216477 0.740837395
53.600000 -0.431387842 -0.029883282 -0.046419311 -0.015243758 0.670967102 -0.008056641 0.741286635
53.700000 -0.401628345 -0.029542081 -0.042912468 -0.016221549 0.671224892 -0.008821801 0.741023719
53.800000 -0.371845961 -0.029753130 -0.039887909 -0.016225204 0.670751393 -0.009229315 0.741447270
53.900000 -0.341120392 -0.028166138 -0.036730248 -0.016757034 0.670730650 -0.009426364 0.741451740
54.000000 -0.308401823 -0.028118130 -0.032565847 -0.017833991 0.670273006 -0.008077186 0.741856337
54.100000 -0.278731346 -0.026301956 -0.029839890 -0.016874285 0.669921815 -0.008719467 0.742188632
54.200000 -0.247956112 -0.025086813 -0.026084382 -0.016788859 0.669493437 -0.007755826 0.742587686
54.300000 -0.215470150 -0.024155669 -0.024059469 -0.016503442 0.669230461 -0.007175251 0.742836952
54.400000 -0.184717193 -0.023077315 -0.020344106 -0.016684137 0.669083297 -0.006605491 0.742970765
54.500000 -0.160005510 -0.021876097 -0.018015668 -0.016786739 0.669678867 -0.007002338 0.742428005
54.600000 -0.128272057 -0.021853641 -0.014856613 -0.017194478 0.669099569 -0.006682890 0.742943823
54.700000 -0.095497876 -0.019939573 -0.010855115 -0.016944543 0.669269145 -0.006854724 0.742795169
54.800000 -0.064526416 -0.019329689 -0.007758523 -0.016749032 0.668503881 -0.006902353 0.743487954
54.900000 -0.033223592 -0.018029308 -0.004402354 -0.016188869 0.668349922 -0.007473663 0.743633330
55.000000 -0.003355380 -0.017607747 -0.000460240 -0.015325446 0.668665886 -0.008326272 0.743358374
55.100000 0.028724615 -0.018158678 0.003213658 -0.014584731 0.668548524 -0.008459752 0.743477345
55.200000 0.058245227 -0.017733471 0.006298170 -0.013657629 0.668666780 -0.009609103 0.743374646
55.300000 0.090563506 -0.016525785 0.009731075 -0.014028391 0.667804480 -0.009630921 0.744142294
55.400000 0.123026937 -0.015917955 0.013689409 -0.014357749 0.668049455 -0.009684285 0.743915260
55.500000 0.153204009 -0.015475238 0.016375193 -0.014058976 0.667491198 -0.009573188 0.744423389
55.600000 0.184228569 -0.014427886 0.019094806 -0.014233404 0.667258024 -0.009549990 0.744629383
55.700000 0.212190449 -0.013713445 0.022007864 -0.014471539 0.666299045 -0.009654238 0.745481670
55.800000 0.233156130 -0.012930159 0.024802804 -0.013724457 0.666562498 -0.010005904 0.745255589
55.900000 0.247969478 -0.012655619 0.026726834 -0.014229801 0.665219545 -0.009161159 0.746456027
56.000000 0.261605352 -0.012171917 0.028524145 -0.013892123 0.664940119 -0.009123996 0.746711671
56.100000 0.274164587 -0.011534447 0.030027967 -0.014227237 0.663965881 -0.009296298 0.747569740
56.200000 0.281464130 -0.011380275 0.031540342 -0.014028146 0.663974941 -0.009045747 0.747568488
56.300000 0.286225170 -0.011543736 0.032479849 -0.014578882 0.664678812 -0.009140191 0.746931016
56.400000 0.287898451 -0.011243339 0.032036424 -0.014516161 0.664357007 -0.009321103 0.747216284
56.500000 0.287153155 -0.011094524 0.032069407 -0.014888848 0.664418161 -0.009642480 0.747150481
56.600000 0.286911428 -0.011197352 0.031873576 -0.015174149 0.664327919 -0.009863853 0.747222066
56.700000 0.287803531 -0.011338309 0.032044236 -0.014044256 0.663266897 -0.008897822 0.748198211
56.800000 0.287265003 -0.011334753 0.032461442 -0.013821497 0.657963872 -0.008587934 0.752873659
56.900000 0.286876947 -0.011232980 0.035133842 -0.014636666 0.655088305 -0.009532099 0.755350351
57.000000 0.286687523 -0.011177998 0.034835100 -0.014696198 0.655059576 -0.009660518 0.755372524
57.100000 0.286825687 -0.010916885 0.034908656 -0.014585537 0.655099511 -0.009621825 0.755340517
57.200000 0.286942959 -0.011451081 0.035221729 -0.014599576 0.655024827 -0.009322805 0.755408823
57.300000 0.286132336 -0.011376882 0.035050627 -0.013516859 0.646556199 -0.007619463 0.762708545
57.400000 0.281576127 -0.011174885 0.039506011 -0.013987070 0.624623775 -0.007515793 0.780764401
57.500000 0.277675360 -0.011018701 0.048300616 -0.013576096 0.609450102 -0.006395927 0.792682350
57.600000 0.273238212 -0.010374207 0.052912354 -0.012563758 0.591115952 -0.005003680 0.806473255
57.700000 0.268185318 -0.009992542 0.059150629 -0.012600690 0.570126891 -0.004206584 0.821449220
57.800000 0.262875527 -0.009885995 0.063895315 -0.012009110 0.550885677 -0.003425943 0.834487259
57.900000 0.258103788 -0.009796315 0.069591403 -0.012539160 0.529489160 -0.002804582 0.848219395
58.000000 0.252595931 -0.010133655 0.076690689 -0.013239908 0.508184195 -0.002887711 0.861141801
58.100000 0.247108251 -0.009586081 0.080537766 -0.012484134 0.485745281 -0.002670252 0.874007165
58.200000 0.240599573 -0.009907214 0.085360594 -0.012207249 0.464264065 -0.001132431 0.885612011
58.300000 0.234358698 -0.010091976 0.089243583 -0.012387115 0.441512376 -0.000409050 0.897169590
58.400000 0.227799550 -0.009898853 0.093440682 -0.012186697 0.418852925 -0.000094024 0.907972276
58.500000 0.221093372 -0.009445729 0.096858881 -0.011536793 0.395028114 -0.000450949 0.918596447
58.600000 0.213397160 -0.009611197 0.099816740 -0.011104188 0.371863425 0.000311129 0.928220987
58.700000 0.206690162 -0.010356873 0.103133142 -0.011356597 0.348730266 0.002238386 0.937151670
58.800000 0.200841069 -0.009916842 0.104651228 -0.011353221 0.329408973 0.001652881 0.944117606
58.900000 0.194318920 -0.009049742 0.107184410 -0.010970170 0.305776983 0.001517296 0.952038765
59.000000 0.187780112 -0.009165088 0.108654410 -0.010879384 0.281518102 0.001434049 0.959493160
59.100000 0.177573845 -0.012405703 0.110520884 -0.011432296 0.258149534 0.002700654 0.966033578
59.200000 0.171399862 -0.010774065 0.114377901 -0.011091012 0.233039379 0.002936976 0.972399652
59.300000 0.163985431 -0.011844107 0.111665577 -0.010705842 0.207867220 0.004481330 0.978088200
59.400000 0.157588035 -0.012576111 0.112060949 -0.010478024 0.183174759 0.005159419 0.983011007
59.500000 0.149238437 -0.012303124 0.111542016 -0.010349517 0.158927068 0.005147615 0.987222672
59.600000 0.140503258 -0.013361961 0.109882884 -0.010173232 0.134411335 0.005995709 0.990855277
59.700000 0.132467031 -0.012797799 0.108938932 -0.009662792 0.109589905 0.006149330 0.993910909
59.800000 0.125258714 -0.012548273 0.106814355 -0.008979070 0.084296525 0.006945084 0.996376038
59.900000 0.117496632 -0.014289744 0.106415391 -0.008692661 0.059544727 0.007641190 0.998158514
60.000000 0.111474842 -0.012701144 0.103433281 -0.008387526 0.035242625 0.007550480 0.999315083
60.100000 0.108087257 -0.011370238 0.108547792 -0.007926218 0.010055287 0.007767762 0.999887884
60.200000 0.102197312 -0.010975754 0.106361873 -0.007601719 -0.010493693 0.008002518 0.999884009
60.300000 0.102429472 -0.011075073 0.107492983 -0.007427397 -0.023241179 0.008663237 0.999664783
60.400000 0.102246135 -0.010560740 0.104905017 -0.007292147 -0.025992895 0.008264879 0.999601364
60.500000 0.104159363 -0.011721598 0.105930910 -0.007468652 -0.026199298 0.008669687 0.999591231
60.600000 0.104926229 -0.012557019 0.105649568 -0.007573837 -0.026341205 0.008842782 0.999585211
60.700000 0.104709581 -0.011723965 0.108477749 -0.007233749 -0.026697574 0.008946634 0.999577343
60.800000 0.097583778 -0.011274538 0.115021847 -0.007597954 -0.026073132 0.008577196 0.999594331
60.900000 0.094128840 -0.013053624 0.128301799 -0.008199693 -0.028134355 0.008507201 0.999534309
61.000000 0.093417533 -0.012263426 0.133867875 -0.008369542 -0.030845106 0.008008479 0.999457061
61.100000 0.095834717 -0.010101018 0.135126159 -0.007975743 -0.033896070 0.008082254 0.999360859
61.200000 0.097924307 -0.009853104 0.137808785 -0.007867496 -0.036312960 0.009246563 0.999266684
61.300000 0.097346455 -0.010741306 0.141438097 -0.008005919 -0.036153566 0.008903374 0.999274492
61.400000 0.099691257 -0.009626213 0.154454812 -0.008003311 -0.037341062 0.009365676 0.999226630
61.500000 0.095692150 -0.009505164 0.174471408 -0.008539903 -0.036655050 0.008913973 0.999251723
61.600000 0.093876168 -0.008123212 0.195895821 -0.008930240 -0.036696814 0.009416164 0.999242187
61.700000 0.091413632 -0.007519100 0.221910641 -0.008931548 -0.037669335 0.009112666 0.999208808
61.800000 0.088036187 -0.006927645 0.248891413 -0.008848455 -0.037137941 0.009156988 0.999229014
61.900000 0.085952058 -0.006248333 0.280844092 -0.008271273 -0.038374811 0.009251849 0.999186337
62.000000 0.085419722 -0.007230668 0.301717937 -0.007538538 -0.039165657 0.009331728 0.999160707
62.100000 0.080419302 -0.008754594 0.320079565 -0.007926582 -0.039417922 0.008234495 0.999157488
62.200000 0.081226118 -0.009478650 0.338750482 -0.007341171 -0.041238714 0.007844689 0.999091566
62.300000 0.083999284 -0.008465003 0.344449580 -0.007087728 -0.040271312 0.007462005 0.999135792
62.400000 0.086965717 -0.006061723 0.336697400 -0.006629869 -0.028769210 0.006410864 0.999543548
62.500000 0.087739661 -0.004219255 0.342321515 -0.006249237 -0.023511276 0.007806380 0.999673545
62.600000 0.086501621 -0.005086571 0.343817651 -0.006332905 -0.022248032 0.008212413 0.999698699
62.700000 0.086754844 -0.005268501 0.341295302 -0.006380538 -0.022304045 0.007922239 0.999699473
62.800000 0.085762441 -0.004917916 0.339447260 -0.006174926 -0.022111762 0.007749846 0.999706388
62.900000 0.088278629 -0.005367019 0.344302237 -0.006341022 -0.022739749 0.007373710 0.999694109
63.000000 0.087194048 -0.005128299 0.341687262 -0.006200782 -0.022483679 0.007662173 0.999698639
63.100000 0.086417884 -0.004172252 0.343626529 -0.006103914 -0.022272054 0.007788978 0.999702990
63.200000 0.086701870 -0.005481015 0.341560245 -0.006345228 -0.022257999 0.008092593 0.999699354
63.300000 0.087954655 -0.003646247 0.343323141 -0.005877031 -0.022581767 0.008123616 0.999694705
63.400000 0.088851437 -0.005841304 0.341773063 -0.006496169 -0.022737771 0.007706217 0.999690652
63.500000 0.088602684 -0.005101595 0.345880508 -0.006214139 -0.022902157 0.008147166 0.999685168
63.600000 0.086156785 -0.004167303 0.344521761 -0.006043229 -0.022256603 0.007690065 0.999704421
63.700000 0.086096808 -0.003328201 0.343184769 -0.005805742 -0.022146383 0.008557281 0.999701262
63.800000 0.090116099 -0.005561606 0.341022253 -0.006206512 -0.024247685 0.008142152 0.999653578
63.900000 0.087848835 -0.003759723 0.336116940 -0.006287042 -0.025828289 0.008471749 0.999610722
64.000000 0.087169677 -0.006675523 0.324484885 -0.006983354 -0.026598440 0.008665462 0.999584258
64.100000 0.089902259 -0.005554572 0.313434064 -0.007269105 -0.026295688 0.008488169 0.999591708
64.200000 0.090399839 -0.006498066 0.281724036 -0.007939896 -0.024459654 0.009095492 0.999627888
64.300000 0.089243501 -0.006601084 0.256193817 -0.009287897 -0.024287960 0.008429409 0.999626279
64.400000 0.090188928 -0.007477749 0.227476358 -0.009399588 -0.023928715 0.009061070 0.999628425
64.500000 0.090669304 -0.008732929 0.202750444 -0.009599567 -0.024323657 0.008364412 0.999623060
64.600000 0.091082469 -0.009997693 0.170160368 -0.009184920 -0.023968844 0.007844720 0.999639750
64.700000 0.092704207 -0.013058263 0.151040271 -0.002905007 -0.024952577 0.008376680 0.999649286
64.800000 0.091883078 -0.020558961 0.158848122 -0.010888912 -0.025766687 0.004417741 0.999598920
64.900000 0.090371609 -0.015388574 0.146561921 -0.009588730 -0.024983035 0.007178616 0.999616086
65.000000 0.092875093 -0.010091257 0.147344202 -0.009059587 -0.025515037 0.008349290 0.999598503
65.100000 0.089306004 -0.011841158 0.145720020 -0.008797987 -0.025126081 0.007953528 0.999613941
65.200000 0.091184095 -0.010555780 0.148235932 -0.008904879 -0.025745103 0.008240361 0.999594927
65.300000 0.090683192 -0.012690679 0.145565391 -0.009030947 -0.025578735 0.007743347 0.999602020
65.400000 0.089333273 -0.011113741 0.140416384 -0.008482007 -0.025814533 0.008256314 0.999596655
65.500000 0.091152497 -0.012409968 0.146313354 -0.008891340 -0.026370816 0.008510903 0.999576449
65.600000 0.090579256 -0.012971576 0.141142830 -0.009016636 -0.026168663 0.007610379 0.999587893
65.700000 0.091501854 -0.012337110 0.143474579 -0.008940931 -0.026382133 0.008319032 0.999577284
65.800000 0.090791203 -0.011444243 0.140358165 -0.008373853 -0.027317349 0.008295606 0.999557316
65.900000 0.093112409 -0.011407223 0.144951031 -0.008541770 -0.027546182 0.008542102 0.999547541
66.000000 0.089825571 -0.012165997 0.139375970 -0.008865222 -0.026707096 0.007912612 0.999572694
66.100000 0.090360023 -0.010753334 0.134146079 -0.008878401 -0.027077816 0.008239713 0.999559939
66.200000 0.091887206 -0.012375280 0.123745404 -0.008574555 -0.027802950 0.007901814 0.999545395
66.300000 0.089976698 -0.012024554 0.113297932 -0.005542220 -0.028071247 0.007765091 0.999560416
66.400000 0.092786193 -0.009785640 0.119853660 -0.007583224 -0.029580912 0.008141209 0.999500453
66.500000 0.092615739 -0.010795335 0.121976763 -0.007690980 -0.029724043 0.008121580 0.999495566
66.600000 0.094823003 -0.009714271 0.123438463 -0.007667505 -0.030084386 0.007972808 0.999486148
66.700000 0.090371877 -0.010908928 0.117649548 -0.007691069 -0.028828876 0.007952633 0.999523103
66.800000 0.094335571 -0.010261760 0.120217636 -0.007648602 -0.029532777 0.008043686 0.999502182
66.900000 0.095280722 -0.011478838 0.121155046 -0.008071598 -0.030458534 0.008138094 0.999470294
67.000000 0.092071995 -0.011584447 0.111375146 -0.007798980 -0.030078467 0.007910625 0.999485791
67.100000 0.091335535 -0.011034257 0.104599059 -0.008182137 -0.032462634 0.008255745 0.999405384
67.200000 0.088851847 -0.014276838 0.102233201 -0.008223359 -0.032414809 0.007551204 0.999412179
67.300000 0.091820441 -0.013184904 0.102950335 -0.008078805 -0.033588752 0.007729799 0.999373198
67.400000 0.088371158 -0.014115790 0.098940179 -0.007701586 -0.032815263 0.007874564 0.999400735
67.500000 0.087983623 -0.014023403 0.095070854 -0.007457362 -0.032179940 0.007608242 0.999425292
67.600000 0.087836914 -0.014514311 0.095927261 -0.007620241 -0.032193780 0.007862367 0.999421656
67.700000 0.089233696 -0.013075115 0.096401908 -0.007764078 -0.032508340 0.007924386 0.999409854
67.800000 0.089883544 -0.011602430 0.087822862 -0.007476071 -0.033877265 0.007938875 0.999366522
67.900000 0.089630403 -0.013741316 0.090158902 -0.008393881 -0.033645712 0.007237185 0.999372363
68.000000 0.090304360 -0.013278999 0.086872660 -0.007755671 -0.033588465 0.007881798 0.999374568
68.100000 0.091673836 -0.013521497 0.085513406 -0.008047823 -0.033817966 0.007931365 0.999364138
68.200000 0.088449851 -0.013417579 0.081891544 -0.007625779 -0.033647805 0.007599074 0.999375761
68.300000 0.089946464 -0.013019860 0.081787400 -0.007759184 -0.034629043 0.007935740 0.999338567
68.400000 0.089271009 -0.011908651 0.081050359 -0.007535727 -0.034590680 0.007787104 0.999342799
68.500000 0.089398339 -0.012608143 0.082978874 -0.007640813 -0.034706600 0.007990488 0.999336362
68.600000 0.090043887 -0.013441918 0.081552111 -0.007799449 -0.034763124 0.007730039 0.999335229
68.700000 0.091640510 -0.013282522 0.080993392 -0.007767357 -0.035097949 0.008341331 0.999318898
68.800000 0.090746149 -0.012603108 0.077566132 -0.007576991 -0.035223216 0.007486931 0.999322712
68.900000 0.090514697 -0.013093039 0.079091385 -0.007703633 -0.035855003 0.007657039 0.999297976
69.000000 0.089926347 -0.012743178 0.080858745 -0.007628915 -0.035712030 0.007943240 0.999301434
69.100000 0.090136640 -0.013551637 0.080138162 -0.007727058 -0.035803925 0.008151753 0.999295712
69.200000 0.091934435 -0.013591561 0.082524337 -0.007744779 -0.038423091 0.008219843 0.999197721
69.300000 0.087075330 -0.013380763 0.080057561 -0.007657022 -0.041938961 0.007346440 0.999063849
69.400000 0.092795044 -0.012904798 0.087237552 -0.007552140 -0.042853236 0.008093547 0.999020040
69.500000 0.093394019 -0.012910872 0.084055789 -0.007488647 -0.043033093 0.008110913 0.999012649
69.600000 0.092869222 -0.013187249 0.082771488 -0.007609343 -0.042856660 0.008080606 0.999019563
69.700000 0.093277574 -0.012021113 0.085358270 -0.007320994 -0.043061770 0.008083456 0.999012887
69.800000 0.086704798 -0.015388931 0.081339717 -0.007928337 -0.052279923 0.008442599 0.998565316
69.900000 0.095014244 -0.013899442 0.091113992 -0.007603044 -0.055634998 0.008550758 0.998385608
70.000000 0.094056599 -0.010660146 0.091387868 -0.007063875 -0.055446751 0.008449127 0.998400927
70.100000 0.095748574 -0.011744319 0.091085643 -0.007261792 -0.055769019 0.008830061 0.998378217
70.200000 0.094432160 -0.010865834 0.090230778 -0.007093837 -0.055491161 0.008608286 0.998396814
70.300000 0.091361232 -0.011979469 0.089217670 -0.007302785 -0.054746374 0.008593712 0.998436570
70.400000 0.093714260 -0.012717688 0.092171066 -0.007478605 -0.055413757 0.008322662 0.998400748
70.500000 0.092708230 -0.011478285 0.089487150 -0.007220901 -0.055111315 0.008555919 0.998417437
70.600000 0.092821211 -0.013969695 0.089134030 -0.007591765 -0.055133943 0.008349283 0.998415172
70.700000 0.092289269 -0.012748833 0.089105427 -0.007393723 -0.055054761 0.009209461 0.998413503
70.800000 0.093035050 -0.014998524 0.090217985 -0.007839989 -0.055221237 0.008316959 0.998408735
70.900000 0.094020881 -0.014772718 0.088668846 -0.007755447 -0.055464584 0.009213234 0.998388052
71.000000 0.091277018 -0.013744553 0.087211050 -0.007530310 -0.054838713 0.008705225 0.998428881
71.100000 0.090161212 -0.014560416 0.087386519 -0.007679696 -0.054592486 0.008980975 0.998438776
71.200000 0.092710942 -0.013473995 0.087758109 -0.007493944 -0.055000827 0.008694558 0.998420358
71.300000 0.092513695 -0.010870615 0.087884590 -0.007044991 -0.055083293 0.008929454 0.998416960
71.400000 0.092045896 -0.009997286 0.084342018 -0.006777610 -0.054978803 0.009068879 0.998423338
71.500000 0.090374961 -0.013716519 0.086651728 -0.007539184 -0.054631364 0.008719861 0.998440027
71.600000 0.093188815 -0.012108080 0.090385608 -0.007276076 -0.055226039 0.008617289 0.998410165
71.700000 0.094084367 -0.012195709 0.093780145 -0.007316595 -0.055491202 0.008588423 0.998395443
71.800000 0.090900339 -0.012199381 0.089898072 -0.007270074 -0.054751512 0.008906582 0.998433828
71.900000 0.091119669 -0.011574167 0.088126555 -0.007113335 -0.054817613 0.009284011 0.998427868
72.000000 0.091972046 -0.013704099 0.086829022 -0.007504495 -0.055005327 0.008828008 0.998418808
72.100000 0.091492906 -0.012646894 0.083655201 -0.007338621 -0.054780409 0.009445441 0.998426795
72.200000 0.095773935 -0.011546438 0.085892923 -0.007172120 -0.055679426 0.009158087 0.998380959
72.300000 0.091072656 -0.014256935 0.085445777 -0.007568889 -0.054734919 0.008941556 0.998432159
72.400000 0.092116997 -0.013673249 0.085320048 -0.007534873 -0.055066247 0.008868303 0.998414874
72.500000 0.091748871 -0.011455140 0.088643864 -0.007068532 -0.054974973 0.009115874 0.998421073
72.600000 0.090878628 -0.014970539 0.084734336 -0.007751251 -0.054684088 0.008942004 0.998433590
72.700000 0.090979487 -0.013462173 0.083134040 -0.007458660 -0.054540701 0.008927720 0.998443782
72.800000 0.090356514 -0.014720874 0.086199261 -0.007696954 -0.054599673 0.008729763 0.998440444
72.900000 0.091093786 -0.013374029 0.089724585 -0.007445135 -0.054758720 0.008553780 0.998435199
73.000000 0.092035443 -0.013031774 0.082883090 -0.007379573 -0.054876808 0.009083649 0.998424530
73.100000 0.091318071 -0.012903616 0.088191047 -0.007369132 -0.054802414 0.008810211 0.998431146
73.200000 0.090944402 -0.014103222 0.086816579 -0.007589200 -0.054772004 0.008738503 0.998431802
73.300000 0.091247961 -0.012823233 0.087537214 -0.007389004 -0.054803710 0.008606656 0.998432696
73.400000 0.091433324 -0.013332115 0.085899211 -0.007488640 -0.054881923 0.008918924 0.998424947
73.500000 0.093579903 -0.011299544 0.087869048 -0.007037920 -0.055198353 0.008259124 0.998416424
73.600000 0.092608295 -0.011298837 0.089773282 -0.007148912 -0.055085205 0.008522755 0.998419702
